406.24453  0.00788
415.65996  0.00527
424.16107  0.00548
433.52844  0.01155
441.97921  0.01749
451.87868  0.02562
460.84950  0.03745
468.13635  0.05795
474.33358  0.08036
480.65154  0.10821
487.37191  0.13437
494.02904  0.16272
498.40434  0.19806
501.37604  0.21811
504.75635  0.25297
507.03915  0.28762
510.55116  0.32019
512.96566  0.35504
516.10452  0.39136
520.04821  0.42242
522.14079  0.45778
524.55529  0.49299
529.38430  0.52315
534.90317  0.55392
538.25503  0.58318
540.49103  0.61387
543.87133  0.64864
545.80294  0.68615
547.73454  0.72217
549.90760  0.75895
551.35630  0.79651
553.04645  0.83254
554.73661  0.87007
555.94386  0.90762
558.59982  0.94294
560.66556  0.97756
565.60188  1.00288
566.87812  0.96103
569.46509  0.92746
570.67234  0.88997
571.15524  0.85281
573.04661  0.81450
573.15436  0.77785
574.04922  0.74204
575.39150  0.70624
575.89139  0.66793
576.44858  0.63265
578.15731  0.59186
579.36456  0.55410
580.57181  0.51575
581.29617  0.47900
581.77907  0.44192
582.26197  0.40388
583.22777  0.36619
584.67647  0.32940
586.12518  0.29253
588.05678  0.25460
588.53968  0.21744
590.22984  0.18059
593.12724  0.14319
594.70765  0.10719
598.43915  0.07620

