200	0.068206
201	0.06843
202	0.068422
203	0.067608
204	0.067144
205	0.064955
206	0.066565
207	0.068406
208	0.068289
209	0.066449
210	0.067367
211	0.06553
212	0.063808
213	0.067021
214	0.064497
215	0.064498
216	0.06656
217	0.063468
218	0.063126
219	0.066672
220	0.067471
221	0.067012
222	0.067124
223	0.063706
224	0.064163
225	0.068139
226	0.065413
227	0.065413
228	0.067336
229	0.066204
230	0.063494
231	0.067556
232	0.065525
233	0.064511
234	0.066651
235	0.067327
236	0.063047
237	0.066314
238	0.067103
239	0.066427
240	0.067331
241	0.067895
242	0.064171
243	0.066994
244	0.065752
245	0.065526
246	0.06643
247	0.066655
248	0.064397
249	0.066542
250	0.065639
251	0.064849
252	0.068231
253	0.066314
254	0.061134
255	0.067664
256	0.065863
257	0.064175
258	0.067997
259	0.065862
260	0.062268
261	0.066311
262	0.066198
263	0.06328
264	0.067208
265	0.061259
266	0.061932
267	0.068107
268	0.064514
269	0.062717
270	0.068444
271	0.061593
272	0.063054
273	0.066648
274	0.064064
275	0.062268
276	0.068667
277	0.061147
278	0.061373
279	0.064515
280	0.063057
281	0.063394
282	0.067541
283	0.064516
284	0.062276
285	0.067316
286	0.06183
287	0.063398
288	0.06653
289	0.065076
290	0.066418
291	0.066194
292	0.063848
293	0.063625
294	0.065747
295	0.065746
296	0.062957
297	0.066862
298	0.06229
299	0.063406
300	0.067416
301	0.063518
302	0.062628
303	0.066636
304	0.062296
305	0.063076
306	0.066856
307	0.062967
308	0.061302
309	0.066077
310	0.062969
311	0.062415
312	0.065633
313	0.063971
314	0.061312
315	0.065854
316	0.061867
317	0.064636
318	0.065189
319	0.066531
320	0.06351
321	0.066307
322	0.062952
323	0.064071
324	0.065859
325	0.063736
326	0.06273
327	0.066082
328	0.065077
329	0.063403
330	0.066639
331	0.063627
332	0.06229
333	0.066972
334	0.063294
335	0.06374
336	0.067416
337	0.064855
338	0.065523
339	0.064187
340	0.060961
341	0.063521
342	0.066301
343	0.064633
344	0.063078
345	0.0653
346	0.063301
347	0.063968
348	0.066299
349	0.062971
350	0.061973
351	0.065189
352	0.063859
353	0.063084
354	0.065632
355	0.061757
356	0.062754
357	0.06364
358	0.062534
359	0.063199
360	0.066184
361	0.064305
362	0.063753
363	0.066736
364	0.063644
365	0.064417
366	0.064417
367	0.065521
368	0.061
369	0.0653
370	0.063868
371	0.06563
372	0.067832
373	0.06365
374	0.061451
375	0.06497
376	0.063103
377	0.063653
378	0.06508
379	0.065958
380	0.063983
381	0.066287
382	0.065958
383	0.065629
384	0.067382
385	0.081514
386	0.110088
387	0.341598
388	3.443315
389	18.615812
390	49.497785
391	79.291074
392	92.166494
393	94.136694
394	95.174158
395	95.910451
396	96.305183
397	96.600059
398	96.511529
399	96.252421
400	96.289546
401	96.484915
402	96.610965
403	96.732841
404	96.664981
405	96.583426
406	96.731619
407	96.859638
408	97.012116
409	97.337793
410	97.02661
411	96.00427
412	95.660104
413	96.208364
414	96.262024
415	95.480096
416	95.381026
417	96.329991
418	96.654361
419	96.26443
420	96.516663
421	97.051883
422	97.167031
423	97.299955
424	97.577596
425	97.452314
426	97.110057
427	97.044568
428	97.088477
429	97.270334
430	97.516746
431	97.410781
432	97.218635
433	97.329411
434	97.144629
435	96.547766
436	96.396577
437	96.935004
438	97.178627
439	96.890589
440	96.849397
441	96.84796
442	96.227287
443	95.587914
444	95.406698
445	95.325635
446	95.332203
447	95.472807
448	95.559368
449	95.964531
450	96.638661
451	96.757576
452	96.36249
453	95.839494
454	95.49091
455	95.858062
456	96.730603
457	97.287585
458	97.311206
459	97.147342
460	97.099526
461	97.243167
462	97.2136
463	96.924619
464	96.626981
465	96.63023
466	97.102044
467	97.680141
468	97.960648
469	98.007713
470	98.010045
471	98.122952
472	98.380529
473	98.613167
474	98.759025
475	98.773774
476	98.489226
477	98.167783
478	98.189865
479	98.442943
480	98.576922
481	98.582169
482	98.681955
483	98.878169
484	98.924314
485	98.73574
486	98.480925
487	98.431583
488	98.506026
489	98.432088
490	98.352071
491	98.48284
492	98.549051
493	98.414242
494	98.409088
495	98.558544
496	98.65082
497	98.670535
498	98.592084
499	98.467051
500	98.569164
501	98.791422
502	98.76522
503	98.616345
504	98.613205
505	98.486445
506	98.20729
507	98.28446
508	98.68668
509	98.873998
510	98.743466
511	98.486506
512	98.325416
513	98.310841
514	98.34843
515	98.370487
516	98.303433
517	98.316449
518	98.562574
519	98.828544
520	98.915988
521	98.859222
522	98.8134
523	98.819209
524	98.812035
525	98.708337
526	98.521186
527	98.327141
528	98.359391
529	98.642966
530	98.926853
531	99.030223
532	98.949499
533	98.800315
534	98.71581
535	98.521347
536	98.299569
537	98.458727
538	98.815882
539	98.927085
540	98.720479
541	98.224198
542	97.779788
543	97.752986
544	97.994353
545	98.355397
546	98.726529
547	98.76891
548	98.606437
549	98.56291
550	98.406748
551	98.047241
552	97.982599
553	98.148737
554	98.357099
555	98.664904
556	98.845081
557	98.760412
558	98.652305
559	98.532142
560	98.370557
561	98.359896
562	98.375324
563	98.219806
564	97.961746
565	97.8019
566	97.872176
567	98.076133
568	98.440373
569	98.78916
570	98.900536
571	98.789896
572	98.466577
573	98.118663
574	97.988916
575	98.013337
576	98.090631
577	98.357911
578	98.710157
579	98.851786
580	98.710677
581	98.392836
582	98.018862
583	97.850556
584	97.973678
585	98.183634
586	98.153354
587	97.889661
588	97.764133
589	97.950192
590	98.304398
591	98.630197
592	98.703739
593	98.45065
594	98.125924
595	98.017115
596	98.178629
597	98.353755
598	98.432598
599	98.207431
600	97.590042
601	97.275822
602	97.68327
603	98.173933
604	98.359026
605	98.375155
606	98.36004
607	98.250059
608	98.277553
609	98.442437
610	98.348425
611	97.615123
612	96.979027
613	97.214322
614	98.13781
615	98.738059
616	98.840476
617	98.749613
618	98.242029
619	97.525768
620	97.379831
621	97.805873
622	98.369206
623	98.736237
624	98.882147
625	98.768115
626	98.0983
627	97.082383
628	96.785752
629	97.478214
630	98.360738
631	98.740526
632	98.811021
633	98.489072
634	97.986403
635	97.704072
636	97.866562
637	98.434767
638	98.845808
639	98.730649
640	98.448572
641	98.199101
642	97.864508
643	97.694518
644	97.958212
645	98.063224
646	97.69501
647	97.132375
648	96.92987
649	97.358556
650	98.186567
651	98.791409
652	98.961668
653	98.654033
654	97.787174
655	97.387256
656	97.918805
657	98.695743
658	98.870398
659	98.628548
660	98.400609
661	98.46232
662	98.374816
663	97.914366
664	97.86501
665	98.430697
666	99.032221
667	99.272295
668	99.07749
669	98.533142
670	97.997676
671	97.98026
672	98.301192
673	98.309079
674	97.537119
675	96.350509
676	96.208747
677	97.32875
678	98.535495
679	98.91688
680	98.524237
681	97.88874
682	97.85777
683	98.427985
684	98.567419
685	97.80873
686	97.078045
687	97.485103
688	98.00943
689	97.134635
690	95.579126
691	95.814995
692	97.408226
693	98.1671
694	97.530671
695	96.233592
696	85.539556
697	53.943105
698	17.727202
699	1.982169
700	0.195182
701	0.087081
702	0.038634
703	0.006529
704	0.000905065
705	0.000943533
706	0.000896219
707	0.000921353
708	0.000879974
709	0.000869636
710	0.000884404
711	0.000908062
712	0.000900678
713	0.000936121
714	0.000925783
715	0.00091989
716	0.00099072
717	0.000942014
718	0.000913983
719	0.00091989
720	0.000890411
721	0.000875686
722	0.000900734
723	0.00091252
724	0.000908118
725	0.000931676
726	0.000890468
727	0.000887528
728	0.000891945
729	0.000903731
730	0.000903731
731	0.00092726
732	0.000883183
733	0.000883197
734	0.000899343
735	0.000916979
736	0.000890553
737	0.000950747
738	0.000884703
739	0.000897923
740	0.000903787
741	0.000894998
742	0.000895012
743	0.000921395
744	0.000878923
745	0.000881848
746	0.000892101
747	0.000922872
748	0.000909695
749	0.000938961
750	0.000903858
751	0.000899485
752	0.000908246
753	0.000881948
754	0.000880514
755	0.000960857
756	0.000908275
757	0.000882005
758	0.000909737
759	0.000903901
760	0.000901004
761	0.00094768
762	0.000887898
763	0.000898107
764	0.000922886
765	0.000912691
766	0.000901047
767	0.000947637
768	0.000880698
769	0.000879236
770	0.000905435
771	0.000903986
772	0.000886563
773	0.000944698
774	0.000902566
775	0.000899655
776	0.000933068
777	0.000922901
778	0.000924363
779	0.000934516
780	0.000920004
781	0.000896801
782	0.00091421
783	0.000872178
784	0.000896829
785	0.000962022
786	0.000914224
787	0.000899755
788	0.000902651
789	0.000870829
790	0.00092726
791	0.000943164
792	0.000898349
793	0.000912804
794	0.000911356
795	0.000872363
796	0.000920046
797	0.00094315
798	0.000898391
799	0.000898391
800	0.000907053
801	0.000894075
802	0.000924377
803	0.000947438
804	0.000917164
805	0.000920046
806	0.000912847
807	0.000876836
808	0.000905648
809	0.000924377
810	0.000902779
811	0.000922943
812	0.000945961
813	0.000907124
814	0.000894174
815	0.000904242
816	0.000912875
817	0.00091431
818	0.000908559
819	0.000881238
820	0.000894174
821	0.000908559
822	0.000912875
823	0.000924377
824	0.000937328
825	0.000912875
826	0.000917192
827	0.000898462
828	0.000897028
829	0.00092726
830	0.000937342
831	0.000935908
832	0.000941673
833	0.000918612
834	0.000918598
835	0.000924377
836	0.000938819
837	0.000935922
838	0.000944612
839	0.000911342
840	0.000902651
841	0.000937399
842	0.000953331
843	0.000947552
844	0.000941772
845	0.000909837
846	0.000902566
847	0.000937427
848	0.000941801
849	0.00091563
850	0.00091999
851	0.000902509
852	0.000899584
853	0.000928723
854	0.000933096
855	0.000925797
856	0.000911214
857	0.000868926
858	0.000855763
859	0.000914111
860	0.000968951
861	0.000928131
862	0.000920451
863	0.000921915
864	0.000938367
865	0.00092094
866	0.000894491
867	0.000905587
868	0.000910094
869	0.000931055
870	0.000982571
871	0.000987186
872	0.00092679
873	0.00087685
874	0.000869284
875	0.000882817
876	0.000923745
877	0.000951623
878	0.00095089
879	0.000942732
880	0.00092959
881	0.000916195
882	0.000907431
883	0.000911943
884	0.000922774
885	0.00094139
886	0.000948697
887	0.000933363
888	0.000892827
889	0.000882366
890	0.000926667
891	0.000960852
892	0.000943581
893	0.000895266
894	0.000894784
895	0.000932143
896	0.000955869
897	0.000951489
898	0.000903791
899	0.000882731
900	0.00091754
901	0.000955876
902	0.000943587
903	0.000904756
904	0.000894534
905	0.000931535
906	0.000957336
907	0.0009403
908	0.000907557
909	0.000899277
910	0.000942491
911	0.0009543
912	0.00090585
913	0.000890387
914	0.000940183
915	0.000954066
916	0.000909494
917	0.000900849
918	0.000917292
919	0.000914492
920	0.000929346
921	0.000948705
922	0.000950171
923	0.000897193
924	0.00089293
925	0.000941893
926	0.000958334
927	0.000926424
928	0.000881709
929	0.000895597
930	0.000935073
931	0.000952241
932	0.00094177
933	0.000903398
934	0.000913143
935	0.000939705
936	0.000940809
937	0.000892896
938	0.000894615
939	0.000945677
940	0.000951775
941	0.000934716
942	0.000913988
943	0.00090899
944	0.000923499
945	0.000936909
946	0.000944958
947	0.000951911
948	0.000953496
949	0.000941906
950	0.000906919
951	0.000886423
952	0.000933742
953	0.000937153
954	0.000896423
955	0.000925083
956	0.000946542
957	0.000941669
958	0.000903739
959	0.000926912
960	0.000948124
961	0.000946171
962	0.000937399
963	0.000905199
964	0.000947525
965	0.000933254
966	0.000899222
967	0.000933989
968	0.000934963
969	0.000902639
970	0.000936303
971	0.000949715
972	0.000901909
973	0.000923376
974	0.000933131
975	0.000953002
976	0.000941667
977	0.00095435
978	0.000948129
979	0.000900566
980	0.000926425
981	0.000934352
982	0.000939715
983	0.000938378
984	0.000952643
985	0.000942154
986	0.000899227
987	0.000942033
988	0.000941544
989	0.000927157
990	0.000888251
991	0.000936915
992	0.000963864
993	0.000950563
994	0.000925083
995	0.000894107
996	0.000934595
997	0.000963118
998	0.000948732
999	0.000898992
1000	0.000906798
1001	0.000959092
1002	0.000958969
1003	0.000939223
1004	0.000867284
1005	0.000870469
1006	0.000948608
1007	0.000968585
1008	0.00096078
1009	0.000939458
1010	0.000872066
1011	0.000873407
1012	0.000932396
1013	0.000953598
1014	0.000974781
1015	0.000948468
1016	0.000896813
1017	0.000929226
1018	0.000949694
1019	0.000939577
1020	0.000943958
1021	0.000930809
1022	0.000879037
1023	0.000928007
1024	0.000941766
1025	0.000936771
1026	0.000942125
1027	0.000929223
1028	0.000885995
1029	0.000938603
1030	0.00094761
1031	0.000949918
1032	0.000947964
1033	0.000930562
1034	0.000863599
1035	0.000888562
1036	0.000955759
1037	0.000951982
1038	0.000953803
1039	0.000948203
1040	0.000947469
1041	0.000918638
1042	0.00085207
1043	0.000873601
1044	0.000938836
1045	0.000940294
1046	0.000941995
1047	0.000949046
1048	0.000945882
1049	0.000933841
1050	0.000884816
1051	0.000919368
1052	0.0009291
1053	0.000932262
1054	0.000926181
1055	0.000928857
1056	0.000950745
1057	0.000947091
1058	0.000939553
1059	0.000868032
1060	0.000929343
1061	0.000916452
1062	0.000926545
1063	0.000919978
1064	0.000938949
1065	0.000949885
1066	0.000930436
1067	0.000956314
1068	0.000994459
1069	0.000915724
1070	0.000916939
1071	0.000934325
1072	0.000947578
1073	0.000933354
1074	0.000921683
1075	0.000925208
1076	0.000917067
1077	0.000917552
1078	0.000935421
1079	0.000939914
1080	0.000946233
1081	0.000926302
1082	0.000938575
1083	0.000922657
1084	0.000923023
1085	0.000907102
1086	0.00086321
1087	0.000930678
1088	0.000939914
1089	0.000919132
1090	0.000926302
1091	0.000924358
1092	0.000925087
1093	0.000939423
1094	0.000996402
1095	0.000952553
1096	0.00093797
1097	0.000926181
1098	0.000925087
1099	0.000913055
1100	0.000915732
1101	0.000913059
1102	0.000932984
1103	0.000949153
1104	0.000925451
1105	0.000928247
1106	0.000922171
1107	0.00091403
1108	0.000924359
1109	0.000922292
1110	0.000930919
1111	0.000944646
1112	0.000954232
1113	0.000961408
1114	0.000913299
1115	0.000917915
1116	0.000932502
1117	0.00093481
1118	0.000947088
1119	0.000920954
1120	0.000935173
1121	0.000924236
1122	0.000928124
1123	0.000924114
1124	0.000932257
1125	0.000942711
1126	0.000947446
1127	0.000931893
1128	0.000913784
1129	0.000884357
1130	0.00093846
1131	0.000945636
1132	0.000945756
1133	0.000928247
1134	0.000876975
1135	0.000921931
1136	0.000943554
1137	0.000967999
1138	0.00090478
1139	0.000857469
1140	0.000890562
1141	0.000921074
1142	0.000934934
1143	0.000927639
1144	0.000934934
1145	0.000930436
1146	0.000931287
1147	0.000943691
1148	0.000946246
1149	0.000927518
1150	0.00093238
1151	0.000938823
1152	0.000929098
1153	0.000941254
1154	0.000934204
1155	0.000915847
1156	0.000880807
1157	0.000920708
1158	0.000925573
1159	0.000921803
1160	0.000919735
1161	0.000922775
1162	0.000940774
1163	0.000946488
1164	0.000933113
1165	0.000918396
1166	0.000923627
1167	0.000924235
1168	0.000920344
1169	0.000938827
1170	0.000973237
1171	0.00098031
1172	0.000919609
1173	0.000914377
1174	0.000911822
1175	0.000923626
1176	0.000929831
1177	0.000932996
1178	0.000937256
1179	0.000937135
1180	0.000923746
1181	0.000926668
1182	0.000917782
1183	0.000917296
1184	0.000925329
1185	0.000923625
1186	0.000939567
1187	0.000937378
1188	0.000920825
1189	0.000927154
1190	0.000937138
1191	0.000922284
1192	0.000922771
1193	0.000928616
1194	0.000925938
1195	0.000925938
1196	0.000927277
1197	0.000933974
1198	0.000944078
1199	0.000958933
1200	0.000958332
1201	0.000915827
1202	0.000919117
1203	0.000910105
1204	0.000918629
1205	0.00096029
1206	0.000940553
1207	0.000903031
1208	0.000899857
1209	0.000919966
1210	0.00091899
1211	0.000923378
1212	0.000928739
1213	0.000940191
1214	0.000943846
1215	0.000930933
1216	0.000932762
1217	0.000937392
1218	0.00093203
1219	0.000937273
1220	0.000936784
1221	0.000916308
1222	0.000915213
1223	0.000951282
1224	0.000957624
1225	0.000958118
1226	0.000947388
1227	0.000943606
1228	0.00093995
1229	0.000938245
1230	0.000934955
1231	0.000930934
1232	0.0009274
1233	0.000925937
1234	0.000928619
1235	0.000939712
1236	0.000940931
1237	0.000924475
1238	0.001893624
1239	0.006766
1240	0.030067
1241	0.071849
1242	0.077752
1243	0.076355
1244	0.081077
1245	0.095349
1246	0.108333
1247	0.096001
1248	0.075931
1249	0.084413
1250	0.087098
1251	0.079907
1252	0.0653
1253	0.025117
1254	0.00406
1255	0.042637
1256	0.07969
1257	0.082914
1258	0.076686
1259	0.067233
1260	0.074964
1261	0.079583
1262	0.073356
1263	0.097634
1264	0.122652
1265	0.106107
1266	0.086349
1267	0.079264
1268	0.066804
1269	0.050688
1270	0.071529
1271	0.087744
1272	0.094725
1273	0.106968
1274	0.118572
1275	0.132754
1276	0.146283
1277	0.163038
1278	0.168739
1279	0.15294
1280	0.152612
1281	0.118912
1282	0.087544
1283	0.090766
1284	0.110538
1285	0.135569
1286	0.138565
1287	0.136413
1288	0.147154
1289	0.145004
1290	0.112043
1291	0.102702
1292	0.108827
1293	0.137303
1294	0.17663
1295	0.191156
1296	0.209119
1297	0.227627
1298	0.253435
1299	0.30751
1300	0.336242
1301	0.32048
1302	0.287198
1303	0.271745
1304	0.273135
1305	0.282871
1306	0.29553
1307	0.339153
1308	0.388637
1309	0.428343
1310	0.504484
1311	0.614623
1312	0.760417
1313	0.961935
1314	1.309639
1315	1.94487
1316	2.969406
1317	4.529055
1318	6.690276
1319	9.092472
1320	10.912747
1321	11.693552
1322	11.667765
1323	11.45844
1324	11.620776
1325	12.508531
1326	14.243285
1327	17.539665
1328	22.395859
1329	28.763505
1330	35.495744
1331	40.214383
1332	40.997789
1333	37.948846
1334	33.124415
1335	28.424525
1336	24.973827
1337	22.952091
1338	22.26173
1339	22.798811
1340	24.403821
1341	27.477052
1342	31.559482
1343	36.246038
1344	40.487774
1345	42.525121
1346	41.498846
1347	37.301889
1348	31.940277
1349	26.671861
1350	22.332874
1351	19.23838
1352	17.245611
1353	16.041742
1354	15.554269
1355	15.770582
1356	16.625715
1357	18.420409
1358	21.211115
1359	25.321534
1360	31.010699
1361	39.404878
1362	50.255526
1363	61.896253
1364	72.920161
1365	78.70599
1366	77.39578
1367	69.874543
1368	61.009857
1369	53.46333
1370	47.242716
1371	42.873106
1372	40.570974
1373	39.791767
1374	40.378012
1375	42.288646
1376	45.391341
1377	49.844646
1378	55.308762
1379	61.979219
1380	69.147252
1381	75.83922
1382	81.400484
1383	85.066025
1384	86.363912
1385	85.577026
1386	83.234289
1387	80.314794
1388	77.808756
1389	75.861341
1390	74.489975
1391	73.29368
1392	72.07374
1393	70.176572
1394	67.042629
1395	61.93624
1396	56.44398
1397	50.35809
1398	43.121551
1399	36.770698
1400	31.932763
1401	28.01093
1402	24.601652
1403	21.633002
1404	19.666073
1405	18.415079
1406	17.628883
1407	17.160826
1408	17.074098
1409	17.344663
1410	17.956273
1411	19.090228
1412	20.828195
1413	22.943068
1414	25.901922
1415	29.668561
1416	34.346126
1417	41.133846
1418	48.297748
1419	56.939322
1420	65.590552
1421	73.922141
1422	79.965538
1423	82.866718
1424	82.376049
1425	79.343909
1426	75.194707
1427	70.115731
1428	66.180208
1429	63.083542
1430	61.124445
1431	60.257695
1432	60.51515
1433	61.793384
1434	63.9189
1435	66.940399
1436	70.303185
1437	73.770839
1438	76.975376
1439	79.495188
1440	80.775364
1441	80.724303
1442	79.534215
1443	77.139588
1444	74.259004
1445	71.315769
1446	68.725516
1447	66.514719
1448	64.886225
1449	64.039911
1450	63.893711
1451	64.384171
1452	65.741859
1453	67.725638
1454	70.115275
1455	72.921603
1456	75.821029
1457	78.548317
1458	80.792102
1459	82.204981
1460	82.650129
1461	82.008265
1462	80.453363
1463	78.049408
1464	75.197506
1465	72.277945
1466	69.53617
1467	67.004068
1468	65.174107
1469	63.813999
1470	63.206347
1471	63.28672
1472	64.069647
1473	65.551733
1474	67.546951
1475	70.169132
1476	73.052302
1477	76.047399
1478	78.731991
1479	81.200958
1480	82.595729
1481	82.917265
1482	81.945662
1483	79.917538
1484	77.006549
1485	73.628386
1486	70.2261
1487	66.827227
1488	63.864801
1489	61.383393
1490	59.444128
1491	58.098253
1492	57.387141
1493	57.293284
1494	57.781839
1495	58.846171
1496	60.4508
1497	62.499366
1498	65.151858
1499	68.211158
1500	71.498352
1501	74.996768
1502	78.172249
1503	81.037487
1504	83.263477
1505	84.55383
1506	84.8856
1507	84.295043
1508	82.924085
1509	80.941085
1510	78.649681
1511	76.296947
1512	74.093846
1513	72.148715
1514	70.749114
1515	69.731018
1516	69.309668
1517	69.471926
1518	70.121307
1519	71.310851
1520	72.889792
1521	74.803001
1522	76.998049
1523	79.224176
1524	81.367517
1525	83.222596
1526	84.591108
1527	85.386035
1528	85.521286
1529	85.020672
1530	83.957974
1531	82.488758
1532	80.772401
1533	78.92592
1534	77.175819
1535	75.592837
1536	74.274499
1537	73.331285
1538	72.785575
1539	72.654691
1540	72.954638
1541	73.744522
1542	74.92805
1543	76.471879
1544	78.320934
1545	80.320563
1546	82.346953
1547	84.236604
1548	85.771582
1549	86.810665
1550	87.18344
1551	86.829804
1552	85.747573
1553	83.971212
1554	81.675172
1555	78.988899
1556	76.212434
1557	73.468951
1558	70.941168
1559	68.715973
1560	66.867757
1561	65.489396
1562	64.629911
1563	64.280678
1564	64.414421
1565	65.02649
1566	66.137608
1567	67.834504
1568	69.889884
1569	72.273102
1570	74.948902
1571	77.925077
1572	80.806396
1573	83.542746
1574	85.864488
1575	87.604054
1576	88.616129
1577	88.781766
1578	88.094797
1579	86.635549
1580	84.452382
1581	81.75643
1582	78.895044
1583	75.911088
1584	72.99518
1585	70.249161
1586	67.853684
1587	65.805782
1588	64.296401
1589	63.196459
1590	62.579985
1591	62.422784
1592	62.727976
1593	63.50859
1594	64.764228
1595	66.441007
1596	68.492237
1597	70.995617
1598	73.764395
1599	76.77701
1600	79.874782
1601	82.994155
1602	85.915544
1603	88.520775
1604	90.595439
1605	92.108161
1606	92.989135
1607	93.276977
1608	93.006492
1609	92.258982
1610	91.173809
1611	89.927927
1612	88.620294
1613	87.335857
1614	86.212366
1615	85.26496
1616	84.561951
1617	84.130317
1618	83.995937
1619	84.171414
1620	84.643177
1621	85.339062
1622	86.217067
1623	87.256614
1624	88.371131
1625	89.456561
1626	90.458524
1627	91.271671
1628	91.794554
1629	91.998071
1630	91.806555
1631	91.220137
1632	90.245286
1633	88.971504
1634	87.469259
1635	85.803996
1636	84.09693
1637	82.476952
1638	80.937943
1639	79.546833
1640	78.408358
1641	77.569062
1642	77.077322
1643	76.912593
1644	77.072133
1645	77.528457
1646	78.341428
1647	79.45694
1648	80.815207
1649	82.406548
1650	84.136033
1651	85.887887
1652	87.717519
1653	89.44382
1654	90.939047
1655	92.178991
1656	93.067891
1657	93.502457
1658	93.461726
1659	92.981612
1660	92.056711
1661	90.739629
1662	89.11118
1663	87.266829
1664	85.318026
1665	83.405232
1666	81.514362
1667	79.753341
1668	78.194073
1669	76.935623
1670	75.953809
1671	75.232228
1672	74.85478
1673	74.816698
1674	75.085101
1675	75.656003
1676	76.534392
1677	77.650416
1678	78.935897
1679	80.427444
1680	82.03564
1681	83.628817
1682	85.172769
1683	86.580659
1684	87.800616
1685	88.695536
1686	89.22925
1687	89.38628
1688	89.155538
1689	88.58896
1690	87.726179
1691	86.650595
1692	85.397151
1693	84.060605
1694	82.688145
1695	81.346594
1696	80.137247
1697	79.107085
1698	78.286066
1699	77.679218
1700	77.323705
1701	77.225704
1702	77.397866
1703	77.858351
1704	78.602428
1705	79.577032
1706	80.821953
1707	82.256103
1708	83.837054
1709	85.507603
1710	87.144377
1711	88.631061
1712	89.985629
1713	91.045193
1714	91.754436
1715	92.028677
1716	91.794606
1717	91.085538
1718	89.907179
1719	88.378135
1720	86.476767
1721	84.426557
1722	82.273857
1723	80.111636
1724	78.056883
1725	76.153582
1726	74.370768
1727	72.88691
1728	71.689147
1729	70.778555
1730	70.163307
1731	69.841169
1732	69.869793
1733	70.199211
1734	70.853152
1735	71.793459
1736	73.021452
1737	74.472403
1738	76.223516
1739	78.076955
1740	80.128776
1741	82.133234
1742	84.131722
1743	86.01042
1744	87.651324
1745	88.88454
1746	89.669446
1747	89.8625
1748	89.437417
1749	88.392807
1750	86.757258
1751	84.678339
1752	82.153746
1753	79.48827
1754	76.621522
1755	73.793175
1756	71.044007
1757	68.478839
1758	66.043268
1759	63.947217
1760	62.116801
1761	60.698236
1762	59.563752
1763	58.749559
1764	58.283553
1765	58.082357
1766	58.227282
1767	58.695512
1768	59.464102
1769	60.554939
1770	61.935908
1771	63.574075
1772	65.554973
1773	67.690297
1774	70.047815
1775	72.58247
1776	75.052447
1777	77.521656
1778	80.000727
1779	82.115861
1780	83.930155
1781	85.258988
1782	86.069494
1783	86.270733
1784	85.73689
1785	84.6525
1786	82.996768
1787	80.788282
1788	78.282752
1789	75.589727
1790	72.917621
1791	70.126716
1792	67.4914
1793	65.108465
1794	62.899996
1795	60.985685
1796	59.333759
1797	57.989342
1798	56.844946
1799	56.105261
1800	55.655211
1801	55.501512
1802	55.674341
1803	56.120461
1804	56.770978
1805	57.728681
1806	59.02602
1807	60.541242
1808	62.318692
1809	64.313476
1810	66.522283
1811	68.657223
1812	71.021674
1813	73.556585
1814	75.997332
1815	78.354143
1816	80.440389
1817	82.237752
1818	83.749684
1819	84.70499
1820	85.238026
1821	85.24381
1822	84.728095
1823	83.741202
1824	82.264681
1825	80.614073
1826	78.827536
1827	76.987551
1828	75.042252
1829	72.917252
1830	70.906446
1831	69.091725
1832	67.473973
1833	66.085707
1834	64.922602
1835	64.059994
1836	63.47046
1837	63.208232
1838	63.1794
1839	63.411124
1840	63.912609
1841	64.557971
1842	65.599825
1843	66.810304
1844	68.452292
1845	70.004203
1846	71.565992
1847	73.053746
1848	74.924879
1849	76.948806
1850	79.303096
1851	81.444345
1852	83.125306
1853	84.26481
1854	85.233968
1855	86.013297
1856	86.420187
1857	86.441423
1858	86.03059
1859	85.299651
1860	84.180014
1861	82.830179
1862	81.182171
1863	79.358646
1864	77.431694
1865	75.706072
1866	73.921417
1867	72.344461
1868	70.758899
1869	69.298902
1870	67.994363
1871	66.858758
1872	65.895581
1873	65.131423
1874	64.665442
1875	64.394216
1876	64.406536
1877	64.61535
1878	65.062759
1879	65.71549
1880	66.607137
1881	67.691505
1882	68.904149
1883	70.229201
1884	71.821044
1885	73.433379
1886	75.241104
1887	77.052437
1888	78.824477
1889	80.409575
1890	81.876828
1891	83.175084
1892	84.409311
1893	85.354605
1894	86.139943
1895	86.565189
1896	86.648916
1897	86.412118
1898	85.953597
1899	85.309712
1900	84.408707
1901	83.306659
1902	82.001567
1903	80.614057
1904	79.189964
1905	77.874028
1906	76.55112
1907	75.405321
1908	74.204573
1909	73.151775
1910	72.230754
1911	71.567394
1912	71.073246
1913	70.799401
1914	70.680463
1915	70.734733
1916	70.960248
1917	71.384995
1918	71.919573
1919	72.557956
1920	73.418441
1921	74.490757
1922	75.667503
1923	77.001258
1924	78.384189
1925	79.797504
1926	81.132078
1927	82.343815
1928	83.531651
1929	84.631395
1930	85.527953
1931	86.304451
1932	86.862818
1933	87.169216
1934	87.208265
1935	87.049876
1936	86.6048
1937	85.92524
1938	85.100057
1939	84.110202
1940	82.936523
1941	81.678605
1942	80.288811
1943	78.886201
1944	77.525481
1945	76.150411
1946	74.799394
1947	73.637213
1948	72.476519
1949	71.44133
1950	70.60855
1951	69.890815
1952	69.331624
1953	68.98442
1954	68.740184
1955	68.684525
1956	68.779262
1957	69.04923
1958	69.469431
1959	70.044851
1960	70.76561
1961	71.607857
1962	72.615133
1963	73.729665
1964	74.940365
1965	76.225098
1966	77.60859
1967	78.978879
1968	80.351969
1969	81.710842
1970	83.004274
1971	84.262737
1972	85.445228
1973	86.422797
1974	87.296657
1975	88.020335
1976	88.566026
1977	88.919652
1978	89.10198
1979	89.082961
1980	88.889268
1981	88.524006
1982	88.013091
1983	87.391042
1984	86.678015
1985	85.858201
1986	85.00439
1987	84.139348
1988	83.282276
1989	82.450911
1990	81.669453
1991	80.946817
1992	80.273934
1993	79.732119
1994	79.274564
1995	78.943252
1996	78.732036
1997	78.646867
1998	78.681824
1999	78.825084
2000	79.078887
2001	79.447765
2002	79.913267
2003	80.475238
2004	81.111721
2005	81.819868
2006	82.587183
2007	83.35996
2008	84.182498
2009	85.002302
2010	85.793362
2011	86.556256
2012	87.264489
2013	87.920697
2014	88.491768
2015	88.960111
2016	89.333457
2017	89.595859
2018	89.754393
2019	89.808416
2020	89.710618
2021	89.479295
2022	89.175518
2023	88.780394
2024	88.297286
2025	87.689846
2026	87.02498
2027	86.36537
2028	85.686793
2029	85.011902
2030	84.353415
2031	83.687798
2032	83.0845
2033	82.565168
2034	82.11328
2035	81.716697
2036	81.395891
2037	81.193992
2038	81.070878
2039	81.033079
2040	81.11641
2041	81.300817
2042	81.58429
2043	81.923172
2044	82.353671
2045	82.92711
2046	83.530802
2047	84.168226
2048	84.854814
2049	85.569123
2050	86.315926
2051	87.086363
2052	87.85945
2053	88.581339
2054	89.273904
2055	89.931381
2056	90.50167
2057	90.962489
2058	91.328508
2059	91.605171
2060	91.796228
2061	91.832808
2062	91.725789
2063	91.528398
2064	91.195546
2065	90.730529
2066	90.178385
2067	89.555513
2068	88.836933
2069	88.006367
2070	87.172478
2071	86.322852
2072	85.475845
2073	84.607191
2074	83.72273
2075	82.878068
2076	82.106814
2077	81.361953
2078	80.702338
2079	80.106859
2080	79.604014
2081	79.18626
2082	78.861072
2083	78.628501
2084	78.483626
2085	78.448001
2086	78.495977
2087	78.659164
2088	78.879585
2089	79.175755
2090	79.572576
2091	80.039427
2092	80.562808
2093	81.146813
2094	81.834866
2095	82.563535
2096	83.30146
2097	84.056534
2098	84.797789
2099	85.627432
2100	86.443695
2101	87.252646
2102	88.034786
2103	88.777539
2104	89.443765
2105	90.079831
2106	90.617595
2107	91.082282
2108	91.45038
2109	91.742687
2110	91.921287
2111	92.006979
2112	91.990232
2113	91.881327
2114	91.678579
2115	91.407888
2116	91.063877
2117	90.66613
2118	90.255322
2119	89.727598
2120	89.24285
2121	88.759297
2122	88.253961
2123	87.794627
2124	87.347507
2125	86.930943
2126	86.565902
2127	86.195589
2128	85.905881
2129	85.649115
2130	85.501918
2131	85.393023
2132	85.354486
2133	85.355416
2134	85.412342
2135	85.551883
2136	85.76177
2137	86.030602
2138	86.349239
2139	86.697486
2140	87.079362
2141	87.522466
2142	88.008211
2143	88.504397
2144	88.977456
2145	89.515965
2146	90.033705
2147	90.563745
2148	91.06962
2149	91.541528
2150	91.926754
2151	92.360422
2152	92.655202
2153	92.909678
2154	93.116738
2155	93.229896
2156	93.21775
2157	93.197609
2158	93.06955
2159	92.864334
2160	92.610252
2161	92.252105
2162	91.906699
2163	91.465124
2164	91.015202
2165	90.510924
2166	89.954343
2167	89.384946
2168	88.838418
2169	88.288101
2170	87.764549
2171	87.235447
2172	86.785192
2173	86.329691
2174	85.916425
2175	85.544964
2176	85.208255
2177	84.922522
2178	84.72641
2179	84.563085
2180	84.437124
2181	84.37401265
2182	84.31868794
2183	84.30921188
2184	84.32923346
2185	84.37531469
2186	84.45821357
2187	84.57734209
2188	84.70645526
2189	84.86371308
2190	84.99574454
2191	85.20462065
2192	85.38473741
2193	85.58298981
2194	85.73895386
2195	85.85073155
2196	85.91698489
2197	86.01325388
2198	86.03832751
2199	85.98308679
2200	85.89990471
2200.9	85.81530686
2201.71	85.73070902
2202.51	85.59811117
2203.32	85.42161332
2204.12	85.20521547
2204.92	84.96471762
2205.73	84.69671978
2206.53	84.39212193
2207.33	84.05732408
2208.14	83.70922623
2208.94	83.35762838
2209.74	82.98523053
2210.55	82.58293269
2211.35	82.18523484
2212.15	81.79113699
2212.96	81.40253914
2213.76	81.01004129
2214.56	80.61854345
2215.37	80.2477456
2216.17	79.89244775
2216.98	79.5497499
2217.78	79.23565205
2218.58	78.94775421
2219.39	78.68765636
2220.19	78.45775851
2220.99	78.24806066
2221.8	78.07986281
2222.6	77.94286497
2223.4	77.82146712
2224.21	77.73876927
2225.01	77.69297142
2225.81	77.68267357
2226.62	77.70407573
2227.42	77.75677788
2228.22	77.85168003
2229.03	77.97688218
2229.83	78.12418433
2230.64	78.31888649
2231.44	78.54198864
2232.24	78.79529079
2233.05	79.08699294
2233.85	79.38199509
2234.65	79.69739725
2235.46	80.0497994
2236.26	80.42910155
2237.06	80.8036037
2237.87	81.17150585
2238.67	81.567308
2239.47	81.98131016
2240.28	82.38741231
2241.08	82.78991446
2241.89	83.18981661
2242.69	83.57871876
2243.49	83.94842092
2244.3	84.30802307
2245.1	84.66812522
2245.9	85.01492737
2246.71	85.33222952
2247.51	85.61333168
2248.31	85.86863383
2249.12	86.09363598
2249.92	86.27653813
2250.72	86.43634028
2251.53	86.57404244
2252.33	86.66244459
2253.13	86.70474674
2253.94	86.71764889
2254.74	86.69925104
2255.55	86.6422532
2256.35	86.54455535
2257.15	86.4153575
2257.96	86.25175965
2258.76	86.0701618
2259.56	85.87306396
2260.37	85.64086611
2261.17	85.36886826
2261.97	85.07377041
2262.78	84.77897256
2263.58	84.48297471
2264.38	84.16607687
2265.19	83.84017902
2265.99	83.51738117
2266.8	83.19738332
2267.6	82.86168547
2268.4	82.52148763
2269.21	82.19748978
2270.01	81.89889193
2270.81	81.63389408
2271.62	81.37869623
2272.42	81.12289839
2273.22	80.88430054
2274.03	80.66570269
2274.83	80.46980484
2275.63	80.30960699
2276.44	80.17310915
2277.24	80.0620113
2278.04	79.96681345
2278.85	79.9045156
2279.65	79.88461775
2280.46	79.88611991
2281.26	79.91432206
2282.06	79.97242421
2282.87	80.05802636
2283.67	80.18022851
2284.47	80.32313067
2285.28	80.49373282
2286.08	80.69303497
2286.88	80.90183712
2287.69	81.13523927
2288.49	81.39984143
2289.29	81.68744358
2290.1	81.98104573
2290.9	82.28304788
2291.7	82.61425003
2292.51	82.95215218
2293.31	83.28025434
2294.12	83.61265649
2294.92	83.95685864
2295.72	84.32316079
2296.53	84.68986294
2297.33	85.0290651
2298.13	85.35406725
2298.94	85.6816694
2299.74	85.99687155
2300.54	86.2859737
2301.35	86.54977586
2302.15	86.79817801
2302.95	87.03568016
2303.76	87.24948231
2304.56	87.42338446
2305.37	87.56108662
2306.17	87.67458877
2306.97	87.75809092
2307.78	87.80929307
2308.58	87.82849522
2309.38	87.81439738
2310.19	87.77239953
2310.99	87.70460168
2311.79	87.60130383
2312.6	87.47090598
2313.4	87.31050814
2314.2	87.11231029
2315.01	86.89601244
2315.81	86.66261459
2316.61	86.40111674
2317.42	86.1160189
2318.22	85.82332105
2319.03	85.5082232
2319.83	85.16862535
2320.63	84.8245275
2321.44	84.47632965
2322.24	84.12833181
2323.04	83.77853396
2323.85	83.42803611
2324.65	83.07923826
2325.45	82.74284041
2326.26	82.41854257
2327.06	82.09644472
2327.86	81.78384687
2328.67	81.48764902
2329.47	81.20555117
2330.27	80.93885333
2331.08	80.69175548
2331.88	80.45695763
2332.69	80.24355978
2333.49	80.06566193
2334.29	79.90356409
2335.1	79.76226624
2335.9	79.65636839
2336.7	79.58687054
2337.51	79.52967269
2338.31	79.48727485
2339.11	79.471977
2339.92	79.48457915
2340.72	79.5366813
2341.52	79.60738345
2342.33	79.68768561
2343.13	79.79148776
2343.94	79.93028991
2344.74	80.09719206
2345.54	80.28469421
2346.35	80.49359637
2347.15	80.70969852
2347.95	80.93640067
2348.76	81.19860282
2349.56	81.47760497
2350.36	81.76450712
2351.17	82.05430928
2351.97	82.35161143
2352.77	82.66711358
2353.58	82.99071573
2354.38	83.30971788
2355.18	83.63732004
2355.99	83.97042219
2356.79	84.30042434
2357.6	84.61742649
2358.4	84.92962864
2359.2	85.2441308
2360.01	85.54993295
2360.81	85.8508351
2361.61	86.11220758
2362.42	86.35198006
2363.22	86.57605254
2364.02	86.78912502
2364.83	86.9762975
2365.63	87.14616998
2366.43	87.29704246
2367.24	87.43641494
2368.04	87.54538742
2368.85	87.62275991
2369.65	87.67473239
2370.45	87.71270487
2371.26	87.73347735
2372.06	87.72934983
2372.86	87.69242231
2373.67	87.63049479
2374.47	87.55636727
2375.27	87.47513975
2376.08	87.37061223
2376.88	87.24078471
2377.68	87.09565719
2378.49	86.93472967
2379.29	86.75740215
2380.09	86.56417463
2380.9	86.35694711
2381.7	86.14421959
2382.51	85.92939207
2383.31	85.71106455
2384.11	85.49063703
2384.92	85.26120952
2385.72	85.031582
2386.52	84.79915448
2387.33	84.56142696
2388.13	84.32529944
2388.93	84.09487192
2389.74	83.8806444
2390.54	83.67801688
2391.34	83.47948936
2392.15	83.28996184
2392.95	83.10933432
2393.75	82.9406068
2394.56	82.78317928
2395.36	82.63685176
2396.17	82.49742424
2396.97	82.37459672
2397.77	82.2651692
2398.58	82.16984168
2399.38	82.08941416
2400.18	82.01408664
2400.99	81.95155913
2401.79	81.90113161
2402.59	81.86340409
2403.4	81.84577657
2404.2	81.85054905
2405	81.85932153
2405.81	81.86739401
2406.61	81.88976649
2407.42	81.93103897
2408.22	81.98091145
2409.02	82.03848393
2409.83	82.10895641
2410.63	82.18752889
2411.43	82.26430137
2412.24	82.33707385
2413.04	82.41734633
2413.84	82.51151881
2414.65	82.60909129
2415.45	82.70266377
2416.25	82.79103625
2417.06	82.87700874
2417.86	82.96588122
2418.66	83.0542537
2419.47	83.13592618
2420.27	83.21649866
2421.08	83.29997114
2421.88	83.37474362
2422.68	83.4313161
2423.49	83.47798858
2424.29	83.51986106
2425.09	83.55673354
2425.9	83.58580602
2426.7	83.6003785
2427.5	83.60785098
2428.31	83.61452346
2429.11	83.60949594
2429.91	83.58416842
2430.72	83.5424409
2431.52	83.49391338
2432.32	83.44398586
2433.13	83.39615835
2433.93	83.33773083
2434.74	83.26760331
2435.54	83.19147579
2436.34	83.09124827
2437.15	82.98022075
2437.95	82.87779323
2438.75	82.78446571
2439.56	82.68393819
2440.36	82.56921067
2441.16	82.45198315
2441.97	82.33345563
2442.77	82.21332811
2443.57	82.09690059
2444.38	81.98157307
2445.18	81.87044555
2445.99	81.77001803
2446.79	81.67029051
2447.59	81.56556299
2448.4	81.46303547
2449.2	81.36820796
2450	81.28148044
2450.81	81.20485292
2451.61	81.1320254
2452.41	81.05659788
2453.22	80.98947036
2454.02	80.93574284
2454.82	80.89531532
2455.63	80.8690878
2456.43	80.85486028
2457.23	80.84993276
2458.04	80.84880524
2458.84	80.85147772
2459.65	80.8644502
2460.45	80.89032268
2461.25	80.92979516
2462.06	80.97966764
2462.86	81.03774012
2463.66	81.1068126
2464.47	81.18548508
2465.27	81.26535757
2466.07	81.34553005
2466.88	81.43190253
2467.68	81.53857501
2468.48	81.65614749
2469.29	81.76571997
2470.09	81.87819245
2470.89	82.00266493
2471.7	82.13433741
2472.5	82.26460989
2473.31	82.38058237
2474.11	82.49445485
2474.91	82.61472733
2475.72	82.73359981
2476.52	82.85597229
2477.32	82.97914477
2478.13	83.09661725
2478.93	83.20808973
2479.73	83.30596221
2480.54	83.38783469
2481.34	83.46120718
2482.14	83.53407966
2482.95	83.60975214
2483.75	83.68312462
2484.56	83.7315971
2485.36	83.75466958
2486.16	83.77884206
2486.97	83.80211454
2487.77	83.81208702
2488.57	83.8001595
2489.38	83.77643198
2490.18	83.74790446
2490.98	83.70077694
2491.79	83.63624942
2492.59	83.5650219
2493.39	83.49329438
2494.2	83.42536686
2495	83.32903934
2495.8	83.19441182
2496.61	83.0563843
2497.41	82.92455679
2498.22	82.79112927
2499.02	82.65770175
2499.82	82.50957423
2500.63	82.35074671
2501.43	82.19691919
2502.23	82.04769167
2503.04	81.88436415
2503.84	81.70143663
2504.64	81.52300911
2505.45	81.35808159
2506.25	81.18575407
2507.05	80.99922655
2507.86	80.82149903
2508.66	80.65537151
2509.47	80.49394399
2510.27	80.33831647
2511.07	80.18298895
2511.88	80.02536143
2512.68	79.88393391
2513.48	79.7593064
2514.29	79.65247888
2515.09	79.54915136
2515.89	79.43142384
2516.7	79.32289632
2517.5	79.2337688
2518.3	79.14794128
2519.11	79.07521376
2519.91	79.01308624
2520.71	78.95025872
2521.52	78.9025312
2522.32	78.88450368
2523.13	78.89327616
2523.93	78.92124864
2524.73	78.93122112
2525.54	78.9349936
2526.34	78.96196608
2527.14	79.00933856
2527.95	79.06151104
2528.75	79.12228352
2529.55	79.20035601
2530.36	79.29882849
2531.16	79.43330097
2531.96	79.58377345
2532.77	79.69494593
2533.57	79.77461841
2534.37	79.85319089
2535.18	79.99576337
2535.98	80.19273585
2536.79	80.34130833
2537.59	80.41788081
2538.39	80.52585329
2539.2	80.66952577
2540	80.81279825
2540.8	80.97207073
2541.61	81.16964321
2542.41	81.39731569
2543.21	81.61358817
2544.02	81.76656065
2544.82	81.88023313
2545.62	81.96180562
2546.43	82.0585781
2547.23	82.23935058
2548.04	82.45822306
2548.84	82.55929554
2549.64	82.59096802
2550.45	82.6801405
2551.25	82.79691298
2552.05	82.90018546
2552.86	83.01135794
2553.66	83.04613042
2554.46	83.0083029
2555.27	83.00267538
2556.07	83.01694786
2556.87	83.02732034
2557.68	83.03359282
2558.48	83.0486653
2559.28	83.10383778
2560.09	83.22091026
2560.89	83.32368274
2561.7	83.30465523
2562.5	83.20892771
2563.3	83.09140019
2564.11	82.99517267
2564.91	82.85004515
2565.71	82.62151763
2566.52	82.43809011
2567.32	82.34356259
2568.12	82.30683507
2568.93	82.30480755
2569.73	82.20418003
2570.53	81.91555251
2571.34	81.67202499
2572.14	81.55749747
2572.94	81.51866995
2573.75	81.40224243
2574.55	81.20521491
2575.36	81.05098739
2576.16	80.97005987
2576.96	80.84183235
2577.77	80.55980484
2578.57	80.32187732
2579.37	80.2159498
2580.18	80.18692228
2580.98	80.17099476
2581.78	80.04776724
2582.59	79.96233972
2583.39	80.0003122
2584.19	79.92088468
2585	79.61325716
2585.8	79.47622964
2586.61	79.50660212
2587.41	79.5642746
2588.21	79.50064708
2589.02	79.39431956
2589.82	79.27429204
2590.62	79.17396452
2591.43	79.173237
2592.23	79.27990948
2593.03	79.40698196
2593.84	79.53785445
2594.64	79.76532693
2595.44	79.93319941
2596.25	79.78167189
2597.05	79.65154437
2597.85	79.60511685
2598.66	79.60788933
2599.46	79.67956181
2600.27	79.82193429
2601.07	80.01760677
2601.87	80.21087925
2602.68	80.37145173
2603.48	80.60632421
2604.28	80.89079669
2605.09	81.09626917
2605.89	81.21394165
2606.69	81.29021413
2607.5	81.36898661
2608.3	81.44785909
2609.1	81.56153157
2609.91	81.72410406
2610.71	81.84457654
2611.52	81.95844902
2612.32	82.1497215
2613.12	82.38399398
2613.93	82.55046646
2614.73	82.68643894
2615.53	82.88121142
2616.34	83.1861839
2617.14	83.52795638
2617.94	83.60732886
2618.75	83.58270134
2619.55	83.66767382
2620.35	83.8302463
2621.16	83.85001878
2621.96	83.77629126
2622.76	83.75066374
2623.57	83.76923622
2624.37	83.8177087
2625.18	83.90858118
2625.98	84.05705367
2626.78	84.17902615
2627.59	84.11519863
2628.39	84.05377111
2629.19	84.13844359
2630	84.32351607
2630.8	84.30518855
2631.6	84.00176103
2632.41	83.82063351
2633.21	83.73740599
2634.01	83.59307847
2634.82	83.33345095
2635.62	83.10632343
2636.42	82.94019591
2637.23	82.78156839
2638.03	82.61454087
2638.84	82.43991335
2639.64	82.26758583
2640.44	82.11885831
2641.25	81.99133079
2642.05	81.81510328
2642.85	81.54027576
2643.66	81.27404824
2644.46	81.11262072
2645.26	80.9987932
2646.07	80.79376568
2646.87	80.47323816
2647.67	80.17291064
2648.48	79.92588312
2649.28	79.7051556
2650.09	79.51192808
2650.89	79.36660056
2651.69	79.28157304
2652.5	79.14564552
2653.3	78.861818
2654.1	78.63019048
2654.91	78.49656296
2655.71	78.32233544
2656.51	78.07490792
2657.32	77.8805804
2658.12	77.75985289
2658.92	77.71182537
2659.73	77.67949785
2660.53	77.56577033
2661.33	77.43814281
2662.14	77.33381529
2662.94	77.25008777
2663.75	77.25176025
2664.55	77.36253273
2665.35	77.53200521
2666.16	77.59637769
2666.96	77.51475017
2667.76	77.36602265
2668.57	77.29019513
2669.37	77.31976761
2670.17	77.41224009
2670.98	77.42121257
2671.78	77.39748505
2672.58	77.46355753
2673.39	77.59173001
2674.19	77.7475025
2674.99	77.94617498
2675.8	78.24294746
2676.6	78.61621994
2677.41	78.84819242
2678.21	78.8267649
2679.01	78.79693738
2679.82	78.84420986
2680.62	78.87898234
2681.42	78.92075482
2682.23	79.0421273
2683.03	79.23899978
2683.83	79.37887226
2684.64	79.36504474
2685.44	79.32281722
2686.24	79.2998897
2687.05	79.17486218
2687.85	78.99783466
2688.66	78.84280714
2689.46	78.64307962
2690.26	78.42455211
2691.07	78.27232459
2691.87	78.18719707
2692.67	78.19206955
2693.48	78.29314203
2694.28	78.37061451
2695.08	78.29528699
2695.89	78.07285947
2696.69	77.75893195
2697.49	77.50760443
2698.3	77.33467691
2699.1	77.18914939
2699.9	77.07042187
2700.71	76.95549435
2701.51	76.72356683
2702.32	76.43983931
2703.12	76.24151179
2703.92	76.07808427
2704.73	75.91895675
2705.53	75.75642923
2706.33	75.58610172
2707.14	75.4387742
2707.94	75.36664668
2708.74	75.35221916
2709.55	75.28189164
2710.35	75.09526412
2711.15	74.8009366
2711.96	74.43640908
2712.76	74.14108156
2713.57	73.91955404
2714.37	73.70812652
2715.17	73.503999
2715.98	73.34207148
2716.78	73.23854396
2717.58	73.14451644
2718.39	73.02328892
2719.19	72.9575614
2719.99	72.99473388
2720.8	72.84600636
2721.6	72.35587884
2722.4	72.03995133
2723.21	71.94562381
2724.01	71.92969629
2724.81	71.81176877
2725.62	71.45904125
2726.42	71.08771373
2727.23	70.82718621
2728.03	70.63115869
2728.83	70.45293117
2729.64	70.28750365
2730.44	70.14227613
2731.24	70.01784861
2732.05	69.90212109
2732.85	69.78899357
2733.65	69.70906605
2734.46	69.65343853
2735.26	69.53301101
2736.06	69.35338349
2736.87	69.23305597
2737.67	69.21362845
2738.47	69.30760094
2739.28	69.49717342
2740.08	69.5621459
2740.89	69.43261838
2741.69	69.23199086
2742.49	68.99416334
2743.3	68.81223582
2744.1	68.7297083
2744.9	68.72088078
2745.71	68.73295326
2746.51	68.73002574
2747.31	68.74239822
2748.12	68.7995707
2748.92	68.87484318
2749.72	68.94691566
2750.53	69.04758814
2751.33	69.20646062
2752.14	69.3780331
2752.94	69.50500558
2753.74	69.63637806
2754.55	69.85235055
2755.35	70.16932303
2756.15	70.36289551
2756.96	70.39036799
2757.76	70.43604047
2758.56	70.51521295
2759.37	70.62198543
2760.17	70.76145791
2760.97	70.92853039
2761.78	71.12220287
2762.58	71.35317535
2763.38	71.60544783
2764.19	71.80562031
2764.99	71.95279279
2765.8	72.12316527
2766.6	72.34703775
2767.4	72.58721023
2768.21	72.81078271
2769.01	73.01415519
2769.81	73.25272767
2770.62	73.61170016
2771.42	74.03787264
2772.22	74.37674512
2773.03	74.6001176
2773.83	74.78919008
2774.63	75.02166256
2775.44	75.32393504
2776.24	75.67830752
2777.04	76.04758
2777.85	76.37625248
2778.65	76.63602496
2779.46	76.85669744
2780.26	77.10016992
2781.06	77.4200424
2781.87	77.76751488
2782.67	78.03558736
2783.47	78.22405984
2784.28	78.38683232
2785.08	78.5736048
2785.88	78.82587728
2786.69	79.16634977
2787.49	79.52742225
2788.29	79.75619473
2789.1	79.84776721
2789.9	79.92983969
2790.71	80.05611217
2791.51	80.20258465
2792.31	80.35335713
2793.12	80.51142961
2793.92	80.65750209
2794.72	80.78747457
2795.53	80.92174705
2796.33	81.05721953
2797.13	81.18149201
2797.94	81.28496449
2798.74	81.36453697
2799.54	81.44350945
2800.35	81.54818193
2801.15	81.68445441
2801.95	81.86112689
2802.76	82.07609938
2803.56	82.22697186
2804.37	82.18874434
2805.17	82.05211682
2805.97	81.9487893
2806.78	81.89306178
2807.58	81.86373426
2808.38	81.84240674
2809.19	81.79707922
2809.99	81.7238517
2810.79	81.65092418
2811.6	81.58639666
2812.4	81.53126914
2813.2	81.49954162
2814.01	81.4914141
2814.81	81.46698658
2815.61	81.38065906
2816.42	81.25553154
2817.22	81.15560402
2818.03	81.1063765
2818.83	81.08604899
2819.63	81.05642147
2820.44	80.98929395
2821.24	80.86926643
2822.04	80.70583891
2822.85	80.53671139
2823.65	80.38928387
2824.45	80.27015635
2825.26	80.17412883
2826.06	80.10130131
2826.86	80.05007379
2827.67	79.98824627
2828.47	79.88231875
2829.28	79.75679123
2830.08	79.65646371
2830.88	79.59123619
2831.69	79.54750867
2832.49	79.51348115
2833.29	79.48495363
2834.1	79.45502611
2834.9	79.4085986
2835.7	79.34517108
2836.51	79.29054356
2837.31	79.26331604
2838.11	79.23668852
2838.92	79.168961
2839.72	79.07893348
2840.52	79.01720596
2841.33	78.99237844
2842.13	78.97985092
2842.94	78.9639234
2843.74	78.94829588
2844.54	78.94266836
2845.35	78.95204084
2846.15	78.97281332
2846.95	79.0017858
2847.76	79.04195828
2848.56	79.09433076
2849.36	79.14240324
2850.17	79.16377572
2850.97	79.17184821
2851.77	79.20402069
2852.58	79.27769317
2853.38	79.38536565
2854.19	79.50013813
2854.99	79.58081061
2855.79	79.61008309
2856.6	79.61835557
2857.4	79.64512805
2858.2	79.70570053
2859.01	79.79317301
2859.81	79.88814549
2860.61	79.97081797
2861.42	80.03989045
2862.22	80.11076293
2863.02	80.19473541
2863.83	80.29010789
2864.63	80.39088037
2865.43	80.49905285
2866.24	80.61682533
2867.04	80.73029782
2867.85	80.8260703
2868.65	80.91154278
2869.45	80.99991526
2870.26	81.10088774
2871.06	81.22136022
2871.86	81.3495327
2872.67	81.46070518
2873.47	81.54837766
2874.27	81.62475014
2875.08	81.70282262
2875.88	81.7926951
2876.68	81.89806758
2877.49	82.00774006
2878.29	82.10341254
2879.09	82.18598502
2879.9	82.2724575
2880.7	82.36872998
2881.51	82.46780246
2882.31	82.56637494
2883.11	82.66754743
2883.92	82.76901991
2884.72	82.85829239
2885.52	82.93266487
2886.33	83.00843735
2887.13	83.09700983
2887.93	83.18898231
2888.74	83.27055479
2889.54	83.34162727
2890.34	83.40749975
2891.15	83.46937223
2891.95	83.52974471
2892.76	83.59281719
2893.56	83.65948967
2894.36	83.72616215
2895.17	83.78883463
2895.97	83.84850711
2896.77	83.90827959
2897.58	83.96835207
2898.38	84.03122455
2899.18	84.10899704
2899.99	84.20846952
2900.79	84.303842
2901.59	84.35541448
2902.4	84.37128696
2903.2	84.39285944
2904	84.43683192
2904.81	84.4881044
2905.61	84.52917688
2906.42	84.56234936
2907.22	84.60062184
2908.02	84.64779432
2908.83	84.6975668
2909.63	84.74383928
2910.43	84.78631176
2911.24	84.82678424
2912.04	84.86635672
2912.84	84.9064292
2913.65	84.94900168
2914.45	84.99117416
2915.25	85.02824665
2916.06	85.06011913
2916.86	85.08969161
2917.66	85.11636409
2918.47	85.13983657
2919.27	85.16380905
2920.08	85.19338153
2920.88	85.23195401
2921.68	85.28182649
2922.49	85.33999897
2923.29	85.39097145
2924.09	85.41484393
2924.9	85.41301641
2925.7	85.40848889
2926.5	85.41686137
2927.31	85.43513385
2928.11	85.45640633
2928.91	85.47837881
2929.72	85.50035129
2930.52	85.51952377
2931.33	85.53289626
2932.13	85.54166874
2932.93	85.54824122
2933.74	85.5518137
2934.54	85.55228618
2935.34	85.55385866
2936.15	85.55843114
2936.95	85.56400362
2937.75	85.5688761
2938.56	85.57074858
2939.36	85.56502106
2940.16	85.54859354
2940.97	85.52446602
2941.77	85.5002385
2942.57	85.48061098
2943.38	85.46108346
2944.18	85.43365594
2944.99	85.40002842
2945.79	85.3723009
2946.59	85.35617338
2947.4	85.33824587
2948.2	85.30001835
2949	85.24099083
2949.81	85.17776331
2950.61	85.12033579
2951.41	85.06600827
2952.22	85.01028075
2953.02	84.95465323
2953.82	84.90042571
2954.63	84.84319819
2955.43	84.78017067
2956.24	84.71364315
2957.04	84.64581563
2957.84	84.57498811
2958.65	84.49996059
2959.45	84.42333307
2960.25	84.34920555
2961.06	84.27867803
2961.86	84.20865051
2962.66	84.13482299
2963.47	84.05539548
2964.27	83.97236796
2965.07	83.88944044
2965.88	83.81011292
2966.68	83.7362854
2967.48	83.66765788
2968.29	83.60073036
2969.09	83.52950284
2969.9	83.45037532
2970.7	83.3663478
2971.5	83.28032028
2972.31	83.19289276
2973.11	83.10946524
2973.91	83.03603772
2974.72	82.9701102
2975.52	82.90328268
2976.32	82.83075516
2977.13	82.75692764
2977.93	82.69050012
2978.73	82.6342726
2979.54	82.58044509
2980.34	82.52011757
2981.14	82.45619005
2981.95	82.39956253
2982.75	82.35633501
2983.56	82.32510749
2984.36	82.29897997
2985.16	82.27015245
2985.97	82.23712493
2986.77	82.20369741
2987.57	82.17466989
2988.38	82.15334237
2989.18	82.14141485
2989.98	82.13878733
2990.79	82.14375981
2991.59	82.15383229
2992.39	82.16660477
2993.2	82.18047725
2994	82.19654973
2994.81	82.21882221
2995.61	82.2517947
2996.41	82.29376718
2997.22	82.33733966
2998.02	82.37771214
2998.82	82.41818462
2999.63	82.4653571
3000.43	82.52202958
3001.23	82.58570206
3002.04	82.65297454
3002.84	82.72314702
3003.64	82.8000195
3004.45	82.88869198
3005.25	82.99206446
3006.05	83.10623694
3006.86	83.21880942
3007.66	83.3220819
3008.47	83.42115438
3009.27	83.52332686
3010.07	83.63179934
3010.88	83.74747182
3011.68	83.87084431
3012.48	84.00041679
3013.29	84.13288927
3014.09	84.26616175
3014.89	84.40233423
3015.7	84.54510671
3016.5	84.69697919
3017.3	84.85365167
3018.11	85.00992415
3018.91	85.16389663
3019.71	85.31916911
3020.52	85.48074159
3021.32	85.64981407
3022.13	85.81948655
3022.93	85.97915903
3023.73	86.12423151
3024.54	86.26220399
3025.34	86.40327647
3026.14	86.54934895
3026.95	86.69702143
3027.75	86.84389392
3028.55	86.9885664
3029.36	87.12993888
3030.16	87.26961136
3030.96	87.41068384
3031.77	87.55465632
3032.57	87.6973288
3033.38	87.83090128
3034.18	87.95247376
3034.98	88.06934624
3035.79	88.18691872
3036.59	88.3027912
3037.39	88.41086368
3038.2	88.50633616
3039	88.58820864
3039.8	88.65958112
3040.61	88.7252536
3041.41	88.78882608
3042.21	88.85109856
3043.02	88.90907104
3043.82	88.95934353
3044.62	89.00091601
3045.43	89.03508849
3046.23	89.06286097
3047.04	89.08403345
3047.84	89.09700593
3048.64	89.09967841
3049.45	89.09275089
3050.25	89.08162337
3051.05	89.07029585
3051.86	89.05176833
3052.66	89.02004081
3053.46	88.97731329
3054.27	88.92628577
3055.07	88.86575825
3055.87	88.79253073
3056.68	88.70700321
3057.48	88.61237569
3058.28	88.51064817
3059.09	88.40582065
3059.89	88.29869314
3060.7	88.18656562
3061.5	88.0663381
3062.3	87.93821058
3063.11	87.80488306
3063.91	87.66935554
3064.71	87.53092802
3065.52	87.3877005
3066.32	87.24087298
3067.12	87.08874546
3067.93	86.93061794
3068.73	86.76899042
3069.53	86.6076629
3070.34	86.44813538
3071.14	86.28860786
3071.95	86.12528034
3072.75	85.95075282
3073.55	85.7659253
3074.36	85.57909778
3075.16	85.39757026
3075.96	85.22294275
3076.77	85.05251523
3077.57	84.88258771
3078.37	84.71166019
3079.18	84.54243267
3079.98	84.37840515
3080.78	84.21617763
3081.59	84.04815011
3082.39	83.87292259
3083.19	83.69699507
3084	83.52886755
3084.8	83.37044003
3085.61	83.21631251
3086.41	83.06438499
3087.21	82.91685747
3088.02	82.77442995
3088.82	82.63620243
3089.62	82.50147491
3090.43	82.37054739
3091.23	82.24621987
3092.03	82.13189236
3092.84	82.02336484
3093.64	81.91633732
3094.44	81.8126098
3095.25	81.71548228
3096.05	81.62685476
3096.86	81.54582724
3097.66	81.46949972
3098.46	81.3952722
3099.27	81.32254468
3100.07	81.25431716
3100.87	81.19368964
3101.68	81.14356212
3102.48	81.1048346
3103.28	81.07730708
3104.09	81.06037956
3104.89	81.05265204
3105.69	81.04812452
3106.5	81.043497
3107.3	81.04066948
3108.1	81.04464197
3108.91	81.05971445
3109.71	81.08678693
3110.52	81.12425941
3111.32	81.16493189
3112.12	81.20670437
3112.93	81.25327685
3113.73	81.31024933
3114.53	81.38042181
3115.34	81.45909429
3116.14	81.53646677
3116.94	81.61333925
3117.75	81.69651173
3118.55	81.78898421
3119.35	81.89015669
3120.16	81.99712917
3120.96	82.10740165
3121.76	82.22157413
3122.57	82.34024661
3123.37	82.46461909
3124.18	82.59609158
3124.98	82.73576406
3125.78	82.88423654
3126.59	83.03990902
3127.39	83.1966815
3128.19	83.35115398
3129	83.50512646
3129.8	83.66089894
3130.6	83.81937142
3131.41	83.9805439
3132.21	84.14501638
3133.01	84.31408886
3133.82	84.48736134
3134.62	84.66433382
3135.43	84.8435063
3136.23	85.02297878
3137.03	85.20155126
3137.84	85.38162374
3138.64	85.56549622
3139.44	85.7504687
3140.25	85.93314119
3141.05	86.11191367
3141.85	86.28778615
3142.66	86.46385863
3143.46	86.64053111
3144.26	86.81730359
3145.07	86.99577607
3145.87	87.17584855
3146.67	87.35442103
3147.48	87.52399351
3148.28	87.67596599
3149.09	87.82193847
3149.89	87.96901095
3150.69	88.11958343
3151.5	88.27275591
3152.3	88.42502839
3153.1	88.57080087
3153.91	88.70787335
3154.71	88.83854583
3155.51	88.96421831
3156.32	89.0852908
3157.12	89.20096328
3157.92	89.31023576
3158.73	89.41650824
3159.53	89.51948072
3160.33	89.6169532
3161.14	89.70652568
3161.94	89.78679816
3162.75	89.85777064
3163.55	89.92254312
3164.35	89.9834156
3165.16	90.04118808
3165.96	90.09586056
3166.76	90.14723304
3167.57	90.19340552
3168.37	90.233278
3169.17	90.26765048
3169.98	90.29592296
3170.78	90.31719544
3171.58	90.33036792
3172.39	90.33334041
3173.19	90.32751289
3174	90.31308537
3174.8	90.29105785
3175.6	90.26333033
3176.41	90.23290281
3177.21	90.20097529
3178.01	90.16654777
3178.82	90.12822025
3179.62	90.08499273
3180.42	90.03606521
3181.23	89.98023769
3182.03	89.91821017
3182.83	89.85508265
3183.64	89.79165513
3184.44	89.72672761
3185.24	89.65770009
3186.05	89.58027257
3186.85	89.49704505
3187.66	89.41121753
3188.46	89.32469002
3189.26	89.2392625
3190.07	89.15623498
3190.87	89.07200746
3191.67	88.97897994
3192.48	88.87785242
3193.28	88.7733249
3194.08	88.67159738
3194.89	88.57466986
3195.69	88.47574234
3196.49	88.37451482
3197.3	88.2726873
3198.1	88.17155978
3198.91	88.07113226
3199.71	87.97260474
3200.51	87.87737722
3201.32	87.7825497
3202.12	87.68452218
3202.92	87.57979466
3203.73	87.47106714
3204.53	87.36863963
3205.33	87.27281211
3206.14	87.18088459
3206.94	87.08975707
3207.74	86.99832955
3208.55	86.90710203
3209.35	86.81307451
3210.15	86.71524699
3210.96	86.61501947
3211.76	86.51649195
3212.57	86.42366443
3213.37	86.33603691
3214.17	86.25450939
3214.98	86.17988187
3215.78	86.11205435
3216.58	86.04602683
3217.39	85.97539931
3218.19	85.90007179
3218.99	85.82204427
3219.8	85.74551675
3220.6	85.67818924
3221.4	85.61976172
3222.21	85.5693342
3223.01	85.52490668
3223.81	85.48367916
3224.62	85.43845164
3225.42	85.38712412
3226.23	85.3331966
3227.03	85.28066908
3227.83	85.23414156
3228.64	85.19741404
3229.44	85.16348652
3230.24	85.128359
3231.05	85.09133148
3231.85	85.05340396
3232.65	85.02027644
3233.46	84.99174892
3234.26	84.9675214
3235.06	84.94769388
3235.87	84.93276636
3236.67	84.92193885
3237.48	84.91141133
3238.28	84.90078381
3239.08	84.88955629
3239.89	84.87772877
3240.69	84.86650125
3241.49	84.85837373
3242.3	84.85394621
3243.1	84.85321869
3243.9	84.85469117
3244.71	84.85706365
3245.51	84.86143613
3246.31	84.86800861
3247.12	84.87628109
3247.92	84.88365357
3248.72	84.88742605
3249.53	84.88989853
3250.33	84.89297101
3251.14	84.89824349
3251.94	84.90811597
3252.74	84.92088846
3253.55	84.93536094
3254.35	84.95093342
3255.15	84.9675059
3255.96	84.98587838
3256.76	85.00565086
3257.56	85.02712334
3258.37	85.05089582
3259.17	85.0785683
3259.97	85.10854078
3260.78	85.13651326
3261.58	85.16148574
3262.38	85.18355822
3263.19	85.2036307
3263.99	85.22100318
3264.8	85.23817566
3265.6	85.25794814
3266.4	85.28402062
3267.21	85.3155931
3268.01	85.34796558
3268.81	85.38213807
3269.62	85.41941055
3270.42	85.46218303
3271.22	85.50445551
3272.03	85.54202799
3272.83	85.57410047
3273.63	85.60147295
3274.44	85.63104543
3275.24	85.66451791
3276.05	85.70099039
3276.85	85.73936287
3277.65	85.77983535
3278.46	85.82370783
3279.26	85.86848031
3280.06	85.91215279
3280.87	85.95142527
3281.67	85.98819775
3282.47	86.02817023
3283.28	86.07174271
3284.08	86.11851519
3284.88	86.16578768
3285.69	86.21326016
3286.49	86.26233264
3287.29	86.31370512
3288.1	86.3672776
3288.9	86.41905008
3289.71	86.46892256
3290.51	86.51789504
3291.31	86.56786752
3292.12	86.62424
3292.92	86.68691248
3293.72	86.75518496
3294.53	86.82775744
3295.33	86.89942992
3296.13	86.9654024
3296.94	87.02847488
3297.74	87.09054736
3298.54	87.15401984
3299.35	87.21509232
3300.15	87.2731648
3300.96	87.32973729
3301.76	87.38750977
3302.56	87.45188225
3303.37	87.52085473
3304.17	87.59342721
3304.97	87.66869969
3305.78	87.74297217
3306.58	87.81444465
3307.38	87.88471713
3308.19	87.95548961
3308.99	88.03026209
3309.79	88.10623457
3310.6	88.18150705
3311.4	88.25557953
3312.2	88.32935201
3313.01	88.40492449
3313.81	88.48209697
3314.62	88.56026945
3315.42	88.63794193
3316.22	88.71151441
3317.03	88.7826869
3317.83	88.85325938
3318.63	88.92613186
3319.44	89.00000434
3320.24	89.06997682
3321.04	89.1349493
3321.85	89.19382178
3322.65	89.24909426
3323.45	89.30476674
3324.26	89.36143922
3325.06	89.4196117
3325.86	89.47828418
3326.67	89.53695666
3327.47	89.59552914
3328.28	89.65350162
3329.08	89.7059741
3329.88	89.75154658
3330.69	89.79111906
3331.49	89.82559154
3332.29	89.85936402
3333.1	89.89433651
3333.9	89.92940899
3334.7	89.96348147
3335.51	89.99155395
3336.31	90.01432643
3337.11	90.03149891
3337.92	90.04317139
3338.72	90.04764387
3339.53	90.04811635
3340.33	90.04498883
3341.13	90.03836131
3341.94	90.02563379
3342.74	90.00760627
3343.54	89.98457875
3344.35	89.95685123
3345.15	89.92552371
3345.95	89.89169619
3346.76	89.85456867
3347.56	89.81194115
3348.36	89.76171363
3349.17	89.70778612
3349.97	89.6507586
3350.77	89.59083108
3351.58	89.52620356
3352.38	89.45837604
3353.19	89.38754852
3353.99	89.312821
3354.79	89.23009348
3355.6	89.13936596
3356.4	89.04043844
3357.2	88.93211092
3358.01	88.8178834
3358.81	88.70005588
3359.61	88.57952836
3360.42	88.45700084
3361.22	88.33147332
3362.02	88.2010458
3362.83	88.06411828
3363.63	87.91639076
3364.43	87.76466324
3365.24	87.61083573
3366.04	87.45630821
3366.85	87.30218069
3367.65	87.14715317
3368.45	86.99012565
3369.26	86.82889813
3370.06	86.66197061
3370.86	86.49154309
3371.67	86.31821557
3372.47	86.14298805
3373.27	85.96816053
3374.08	85.79403301
3374.88	85.62070549
3375.68	85.44617797
3376.49	85.26895045
3377.29	85.08882293
3378.1	84.90519541
3378.9	84.71816789
3379.7	84.52974037
3380.51	84.34041285
3381.31	84.15108534
3382.11	83.96445782
3382.92	83.7809303
3383.72	83.60080278
3384.52	83.42477526
3385.33	83.24904774
3386.13	83.07342022
3386.93	82.8971927
3387.74	82.72146518
3388.54	82.54613766
3389.34	82.37161014
3390.15	82.19878262
3390.95	82.0294551
3391.76	81.86312758
3392.56	81.69990006
3393.36	81.54007254
3394.17	81.38184502
3394.97	81.2256175
3395.77	81.07198998
3396.58	80.92406246
3397.38	80.77993495
3398.18	80.63930743
3398.99	80.50187991
3399.79	80.36785239
3400.59	80.23772487
3401.4	80.11279735
3402.2	79.99576983
3403	79.88274231
3403.81	79.77351479
3404.61	79.66998727
3405.42	79.57295975
3406.22	79.48073223
3407.02	79.39290471
3407.83	79.31197719
3408.63	79.23654967
3409.43	79.16662215
3410.24	79.10399463
3411.04	79.04836711
3411.84	78.99723959
3412.65	78.95051207
3413.45	78.91028456
3414.25	78.87445704
3415.06	78.84312952
3415.86	78.818402
3416.67	78.80157448
3417.47	78.78954696
3418.27	78.78171944
3419.08	78.78009192
3419.88	78.7842644
3420.68	78.79423688
3421.49	78.81300936
3422.29	78.84258184
3423.09	78.87965432
3423.9	78.9239268
3424.7	78.97769928
3425.5	79.03567176
3426.31	79.09744424
3427.11	79.16341672
3427.91	79.2344892
3428.72	79.31026168
3429.52	79.39163417
3430.33	79.48240665
3431.13	79.57827913
3431.93	79.67915161
3432.74	79.78632409
3433.54	79.89719657
3434.34	80.01066905
3435.15	80.12724153
3435.95	80.25021401
3436.75	80.37788649
3437.56	80.51035897
3438.36	80.64863145
3439.16	80.78960393
3439.97	80.93327641
3440.77	81.08134889
3441.58	81.23592137
3442.38	81.39439385
3443.18	81.55686633
3443.99	81.72243881
3444.79	81.88881129
3445.59	82.05618378
3446.4	82.22575626
3447.2	82.39872874
3448	82.57510122
3448.81	82.7561737
3449.61	82.94214618
3450.41	83.13051866
3451.22	83.32099114
3452.02	83.51246362
3452.82	83.7027361
3453.63	83.89130858
3454.43	84.07608106
3455.24	84.25865354
3456.04	84.44012602
3456.84	84.6210985
3457.65	84.80147098
3458.45	84.98074346
3459.25	85.15871594
3460.06	85.33318842
3460.86	85.5047609
3461.66	85.67323339
3462.47	85.83620587
3463.27	85.99507835
3464.07	86.15065083
3464.88	86.30152331
3465.68	86.44809579
3466.48	86.59136827
3467.29	86.73054075
3468.09	86.86281323
3468.9	86.98988571
3469.7	87.11165819
3470.5	87.22223067
3471.31	87.32570315
3472.11	87.42207563
3472.91	87.50744811
3473.72	87.58592059
3474.52	87.65859307
3475.32	87.72306555
3476.13	87.77723803
3476.93	87.82371051
3477.73	87.859983
3478.54	87.88455548
3479.34	87.90152796
3480.15	87.91050044
3480.95	87.90397292
3481.75	87.8879454
3482.56	87.86251788
3483.36	87.82179036
3484.16	87.77266284
3484.97	87.71583532
3485.77	87.6471078
3486.57	87.56878028
3487.38	87.48275276
3488.18	87.38532524
3488.98	87.27589772
3489.79	87.1570702
3490.59	87.02534268
3491.39	86.87821516
3492.2	86.72258764
3493	86.55776012
3493.81	86.38303261
3494.61	86.20260509
3495.41	86.01647757
3496.22	85.81705005
3497.02	85.60862253
3497.82	85.39099501
3498.63	85.15796749
3499.43	84.91833997
3500.23	84.67281245
3501.04	84.41868493
3501.84	84.15755741
3502.64	83.89102989
3503.45	83.61680237
3504.25	83.33797485
3505.05	83.05524733
3505.86	82.76571981
3506.66	82.46739229
3507.47	82.16366477
3508.27	81.85333725
3509.07	81.53950973
3509.88	81.22378222
3510.68	80.9055547
3511.48	80.58272718
3512.29	80.25679966
3513.09	79.92697214
3513.89	79.59344462
3514.7	79.2587171
3515.5	78.92298958
3516.3	78.58826206
3517.11	78.25523454
3517.91	77.92430702
3518.72	77.5956795
3519.52	77.26655198
3520.32	76.93672446
3521.13	76.60389694
3521.93	76.27046942
3522.73	75.9365419
3523.54	75.60501438
3524.34	75.27638686
3525.14	74.95055934
3525.95	74.63043183
3526.75	74.31210431
3527.55	73.99557679
3528.36	73.68234927
3529.16	73.37252175
3529.96	73.06599423
3530.77	72.76646671
3531.57	72.47073919
3532.38	72.17831167
3533.18	71.89248415
3533.98	71.61135663
3534.79	71.33452911
3535.59	71.06560159
3536.39	70.80147407
3537.2	70.54154655
3538	70.29061903
3538.8	70.04539151
3539.61	69.80536399
3540.41	69.57423647
3541.21	69.34740895
3542.02	69.12448144
3542.82	68.90955392
3543.63	68.7007264
3544.43	68.49739888
3545.23	68.30617136
3546.04	68.12074384
3546.84	67.94081632
3547.64	67.7712888
3548.45	67.60826128
3549.25	67.45153376
3550.05	67.30870624
3550.86	67.17147872
3551.66	67.0402512
3552.46	66.91672368
3553.27	66.79759616
3554.07	66.68326864
3554.87	66.58104112
3555.68	66.4855136
3556.48	66.39818608
3557.29	66.32125856
3558.09	66.24923105
3558.89	66.18340353
3559.7	66.12567601
3560.5	66.07284849
3561.3	66.02672097
3562.11	65.99109345
3562.91	65.96196593
3563.71	65.94263841
3564.52	65.93341089
3565.32	65.92978337
3566.12	65.93435585
3566.93	65.94632833
3567.73	65.96310081
3568.53	65.98877329
3569.34	66.02284577
3570.14	66.06311825
3570.95	66.11549073
3571.75	66.17536321
3572.55	66.24063569
3573.36	66.31280817
3574.16	66.38818066
3574.96	66.46625314
3575.77	66.55332562
3576.57	66.6454981
3577.37	66.74317058
3578.18	66.85044306
3578.98	66.96291554
3579.78	67.08228802
3580.59	67.2138605
3581.39	67.35103298
3582.2	67.49590546
3583	67.64587794
3583.8	67.79815042
3584.61	67.9532229
3585.41	68.11199538
3586.21	68.27336786
3587.02	68.44074034
3587.82	68.61311282
3588.62	68.7890853
3589.43	68.97255778
3590.23	69.15993027
3591.03	69.35060275
3591.84	69.54727523
3592.64	69.74654771
3593.44	69.94892019
3594.25	70.15629267
3595.05	70.36506515
3595.86	70.57583763
3596.66	70.78641011
3597.46	70.99688259
3598.27	71.20745507
3599.07	71.41962755
3599.87	71.63320003
3600.68	71.84967251
3601.48	72.06694499
3602.28	72.28461747
3603.09	72.50098995
3603.89	72.71586243
3604.69	72.92903491
3605.5	73.13910739
3606.3	73.34757988
3607.1	73.55395236
3607.91	73.75732484
3608.71	73.95889732
3609.52	74.1567698
3610.32	74.35084228
3611.12	74.54221476
3611.93	74.72768724
3612.73	74.90955972
3613.53	75.0884322
3614.34	75.26060468
3615.14	75.42897716
3615.94	75.59204964
3616.75	75.74532212
3617.55	75.8927946
3618.35	76.02986708
3619.16	76.15723956
3619.96	76.27871204
3620.77	76.38858452
3621.57	76.490957
3622.37	76.58682949
3623.18	76.66900197
3623.98	76.74567445
3624.78	76.81454693
3625.59	76.87361941
3626.39	76.92709189
3627.19	76.96936437
3628	76.99913685
3628.8	77.02090933
3629.6	77.02468181
3630.41	77.02035429
3631.21	77.00762677
3632.01	76.98139925
3632.82	76.94847173
3633.62	76.90464421
3634.43	76.84631669
3635.23	76.77978917
3636.03	76.69556165
3636.84	76.59953413
3637.64	76.49500661
3638.44	76.3735791
3639.25	76.24575158
3640.05	76.10842406
3640.85	75.95779654
3641.66	75.80056902
3642.46	75.6312415
3643.26	75.45311398
3644.07	75.26928646
3644.87	75.07055894
3645.67	74.86423142
3646.48	74.6482039
3647.28	74.41867638
3648.09	74.18354886
3648.89	73.93882134
3649.69	73.68689382
3650.5	73.4305663
3651.3	73.16493878
3652.1	72.89501126
3652.91	72.61988374
3653.71	72.33445622
3654.51	72.04382871
3655.32	71.74290119
3656.12	71.43507367
3656.92	71.12324615
3657.73	70.80621863
3658.53	70.48759111
3659.34	70.16706359
3660.14	69.84253607
3660.94	69.51610855
3661.75	69.18548103
3662.55	68.85155351
3663.35	68.51572599
3664.16	68.17579847
3664.96	67.83577095
3665.76	67.49554343
3666.57	67.15701591
3667.37	66.81908839
3668.17	66.48176087
3668.98	66.14333335
3669.78	65.80400583
3670.58	65.46307832
3671.39	65.1225508
3672.19	64.78292328
3673	64.44639576
3673.8	64.11156824
3674.6	63.78134072
3675.41	63.4530132
3676.21	63.12698568
3677.01	62.80435816
3677.82	62.48353064
3678.62	62.16660312
3679.42	61.8535756
3680.23	61.54314808
3681.03	61.23942056
3681.83	60.93859304
3682.64	60.64216552
3683.44	60.350638
3684.25	60.06161048
3685.05	59.77848296
3685.85	59.49945544
3686.66	59.22482793
3687.46	58.95860041
3688.26	58.69597289
3689.07	58.44074537
3689.87	58.19051785
3690.67	57.94399033
3691.48	57.70626281
3692.28	57.47183529
3693.08	57.24370777
3693.89	57.02158025
3694.69	56.80265273
3695.49	56.59352521
3696.3	56.38839769
3697.1	56.18957017
3697.91	55.99824265
3698.71	55.81041513
3699.51	55.63178761
3700.32	55.45836009
3701.12	55.29083257
3701.92	55.13230505
3702.73	54.97757754
3703.53	54.83095002
3704.33	54.6892225
3705.14	54.55159498
3705.94	54.42176746
3706.74	54.29533994
3707.55	54.17691242
3708.35	54.0660849
3709.15	53.96065738
3709.96	53.86822986
3710.76	53.78040234
3711.57	53.70177482
3712.37	53.6299473
3713.17	53.56201978
3713.98	53.50119226
3714.78	53.44256474
3715.58	53.38823722
3716.39	53.3407097
3717.19	53.29648218
3717.99	53.26475466
3718.8	53.23722715
3719.6	53.21739963
3720.4	53.20507211
3721.21	53.19644459
3722.01	53.19781707
3722.82	53.20308955
3723.62	53.21476203
3724.42	53.23383451
3725.23	53.25640699
3726.03	53.28797947
3726.83	53.32305195
3727.64	53.36392443
3728.44	53.41129691
3729.24	53.46176939
3730.05	53.52064187
3730.85	53.58241435
3731.65	53.64938683
3732.46	53.72275931
3733.26	53.79913179
3734.06	53.88520427
3734.87	53.97467676
3735.67	54.06994924
3736.48	54.17072172
3737.28	54.2738942
3738.08	54.38476668
3738.89	54.49863916
3739.69	54.61851164
3740.49	54.74428412
3741.3	54.8732566
3742.1	55.00842908
3742.9	55.14470156
3743.71	55.28347404
3744.51	55.42484652
3745.31	55.567719
3746.12	55.71719148
3746.92	55.86926396
3747.72	56.02803644
3748.53	56.19130892
3749.33	56.3581814
3750.14	56.52995388
3750.94	56.70312637
3751.74	56.87899885
3752.55	57.05557133
3753.35	57.23274381
3754.15	57.41071629
3754.96	57.58918877
3755.76	57.76966125
3756.56	57.95113373
3757.37	58.13400621
3758.17	58.31867869
3758.97	58.50405117
3759.78	58.69172365
3760.58	58.87959613
3761.39	59.06796861
3762.19	59.25564109
3762.99	59.44271357
3763.8	59.62848605
3764.6	59.81385853
3765.4	59.99803101
3766.21	60.18080349
3767.01	60.36247598
3767.81	60.54144846
3768.62	60.71932094
3769.42	60.89379342
3770.22	61.0663659
3771.03	61.23643838
3771.83	61.40281086
3772.63	61.56768334
3773.44	61.72625582
3774.24	61.8825283
3775.05	62.03390078
3775.85	62.18117326
3776.65	62.32584574
3777.46	62.46361822
3778.26	62.5989907
3779.06	62.72676318
3779.87	62.85013566
3780.67	62.96830814
3781.47	63.07958062
3782.28	63.1881531
3783.08	63.28702559
3783.88	63.38199807
3784.69	63.46887055
3785.49	63.54894303
3786.3	63.62431551
3787.1	63.69298799
3787.9	63.75946047
3788.71	63.81963295
3789.51	63.87430543
3790.31	63.92167791
3791.12	63.95745039
3791.92	63.98852287
3792.72	64.00609535
3793.53	64.02096783
3794.33	64.02834031
3795.13	64.02981279
3795.94	64.02598527
3796.74	64.01105775
3797.54	63.99233023
3798.35	63.96110271
3799.15	63.9258752
3799.96	63.88284768
3800.76	63.83322016
3801.56	63.77949264
3802.37	63.71646512
3803.17	63.6507376
3803.97	63.57581008
3804.78	63.49628256
3805.58	63.41015504
3806.38	63.31682752
3807.19	63.2201
3807.99	63.114
3808.79	63.0055
3809.6	62.8892
3810.4	62.7686
3811.2	62.6427
3812.01	62.5116
3812.81	62.3784
3813.62	62.2397
3814.42	62.0996
3815.22	61.9551
3816.03	61.8077
3816.83	61.6572
3817.63	61.5019
3818.44	61.3447
3819.24	61.1812
3820.04	61.0167
3820.85	60.8493
3821.65	60.6808
3822.45	60.5111
3823.26	60.3394
3824.06	60.1668
3824.87	59.9913
3825.67	59.8155
3826.47	59.639
3827.28	59.4629
3828.08	59.2872
3828.88	59.112
3829.69	58.937
3830.49	58.761
3831.29	58.5846
3832.1	58.406
3832.9	58.2269
3833.7	58.0469
3834.51	57.8686
3835.31	57.6912
3836.11	57.5188
3836.92	57.3478
3837.72	57.1821
3838.53	57.0178
3839.33	56.8561
3840.13	56.6952
3840.94	56.5349
3841.74	56.3753
3842.54	56.216
3843.35	56.0598
3844.15	55.9054
3844.95	55.7556
3845.76	55.6096
3846.56	55.4675
3847.36	55.3299
3848.17	55.1942
3848.97	55.063
3849.77	54.9328
3850.58	54.8059
3851.38	54.681
3852.19	54.5591
3852.99	54.4413
3853.79	54.3263
3854.6	54.2177
3855.4	54.1107
3856.2	54.0109
3857.01	53.913
3857.81	53.8204
3858.61	53.7312
3859.42	53.6458
3860.22	53.5652
3861.02	53.4868
3861.83	53.4145
3862.63	53.3436
3863.44	53.2784
3864.24	53.2152
3865.04	53.1561
3865.85	53.1007
3866.65	53.0484
3867.45	53.0026
3868.26	52.9592
3869.06	52.9251
3869.86	52.893
3870.67	52.8689
3871.47	52.8473
3872.27	52.8308
3873.08	52.8174
3873.88	52.8067
3874.68	52.8001
3875.49	52.7948
3876.29	52.7956
3877.1	52.7977
3877.9	52.8059
3878.7	52.8164
3879.51	52.8317
3880.31	52.8512
3881.11	52.8744
3881.92	52.9038
3882.72	52.9356
3883.52	52.9752
3884.33	53.0163
3885.13	53.0646
3885.93	53.115
3886.74	53.1705
3887.54	53.2292
3888.35	53.2913
3889.15	53.357
3889.95	53.4246
3890.76	53.4967
3891.56	53.5696
3892.36	53.6481
3893.17	53.7279
3893.97	53.8127
3894.77	53.9001
3895.58	53.9912
3896.38	54.086
3897.18	54.1835
3897.99	54.2861
3898.79	54.3904
3899.59	54.5004
3900.4	54.6112
3901.2	54.7257
3902.01	54.8412
3902.81	54.9589
3903.61	55.0786
3904.42	55.2006
3905.22	55.3253
3906.02	55.4517
3906.83	55.5804
3907.63	55.7097
3908.43	55.8416
3909.24	55.9738
3910.04	56.1086
3910.84	56.2441
3911.65	56.381
3912.45	56.5185
3913.25	56.6567
3914.06	56.7959
3914.86	56.9357
3915.67	57.077
3916.47	57.2187
3917.27	57.3611
3918.08	57.5035
3918.88	57.6449
3919.68	57.7859
3920.49	57.926
3921.29	58.0662
3922.09	58.2065
3922.9	58.3468
3923.7	58.4871
3924.5	58.6259
3925.31	58.7642
3926.11	58.8997
3926.92	59.0346
3927.72	59.1659
3928.52	59.2963
3929.33	59.4231
3930.13	59.5482
3930.93	59.6699
3931.74	59.7897
3932.54	59.9072
3933.34	60.0225
3934.15	60.1364
3934.95	60.2464
3935.75	60.355
3936.56	60.4567
3937.36	60.5574
3938.16	60.6506
3938.97	60.7426
3939.77	60.8286
3940.58	60.9125
3941.38	60.9915
3942.18	61.0675
3942.99	61.1399
3943.79	61.2078
3944.59	61.2727
3945.4	61.3305
3946.2	61.3855
3947	61.431
3947.81	61.4748
3948.61	61.5079
3949.41	61.5397
3950.22	61.5625
3951.02	61.583
3951.82	61.5964
3952.63	61.6066
3953.43	61.6113
3954.24	61.6114
3955.04	61.607
3955.84	61.5963
3956.65	61.5818
3957.45	61.5593
3958.25	61.534
3959.06	61.4991
3959.86	61.4626
3960.66	61.4154
3961.47	61.3671
3962.27	61.3106
3963.07	61.2526
3963.88	61.1886
3964.68	61.1217
3965.49	61.0489
3966.29	60.971
3967.09	60.8867
3967.9	60.7963
3968.7	60.7009
3969.5	60.6002
3970.31	60.4969
3971.11	60.3889
3971.91	60.2795
3972.72	60.1641
3973.52	60.0479
3974.32	59.9233
3975.13	59.7978
3975.93	59.6639
3976.73	59.5285
3977.54	59.387
3978.34	59.244
3979.15	59.0971
3979.95	58.9484
3980.75	58.7966
3981.56	58.6426
3982.36	58.4861
3983.16	58.3272
3983.97	58.1667
3984.77	58.0037
3985.57	57.8397
3986.38	57.6725
3987.18	57.5044
3987.98	57.3332
3988.79	57.1615
3989.59	56.9874
3990.39	56.8131
3991.2	56.6364
3992	56.4596
3992.81	56.2808
3993.61	56.1018
3994.41	55.9219
3995.22	55.7419
3996.02	55.5621
3996.82	55.3826
3997.63	55.2036
3998.43	55.0248
3999.23	54.8463
4000.04	54.6677
4000.84	54.489
4001.64	54.311
4002.45	54.1332
4003.25	53.9571
4004.06	53.7817
4004.86	53.6077
4005.66	53.4342
4006.47	53.2614
4007.27	53.0888
4008.07	52.9177
4008.88	52.7467
4009.68	52.5794
4010.48	52.4126
4011.29	52.2502
4012.09	52.0885
4012.89	51.9305
4013.7	51.7731
4014.5	51.6179
4015.3	51.4632
4016.11	51.3098
4016.91	51.1576
4017.72	51.0073
4018.52	50.8587
4019.32	50.7127
4020.13	50.5685
4020.93	50.4264
4021.73	50.2862
4022.54	50.1477
4023.34	50.0124
4024.14	49.8793
4024.95	49.7507
4025.75	49.6245
4026.55	49.5022
4027.36	49.3815
4028.16	49.2632
4028.97	49.1456
4029.77	49.0312
4030.57	48.9176
4031.38	48.8097
4032.18	48.7026
4032.98	48.6013
4033.79	48.5005
4034.59	48.4044
4035.39	48.3086
4036.2	48.2173
4037	48.1264
4037.8	48.0402
4038.61	47.9546
4039.41	47.8735
4040.21	47.7932
4041.02	47.717
4041.82	47.6417
4042.63	47.5697
4043.43	47.4988
4044.23	47.4314
4045.04	47.3655
4045.84	47.3038
4046.64	47.2437
4047.45	47.1874
4048.25	47.1324
4049.05	47.0802
4049.86	47.0295
4050.66	46.9815
4051.46	46.9355
4052.27	46.8926
4053.07	46.8519
4053.87	46.8142
4054.68	46.7788
4055.48	46.7458
4056.29	46.7149
4057.09	46.6861
4057.89	46.6592
4058.7	46.6341
4059.5	46.6107
4060.3	46.5889
4061.11	46.5691
4061.91	46.5509
4062.71	46.5354
4063.52	46.5219
4064.32	46.5114
4065.12	46.5029
4065.93	46.4965
4066.73	46.4915
4067.54	46.4874
4068.34	46.4838
4069.14	46.4809
4069.95	46.4784
4070.75	46.4774
4071.55	46.4773
4072.36	46.4798
4073.16	46.4837
4073.96	46.4902
4074.77	46.4981
4075.57	46.5076
4076.37	46.518
4077.18	46.5287
4077.98	46.5396
4078.78	46.5503
4079.59	46.5608
4080.39	46.5718
4081.2	46.583
4082	46.5954
4082.8	46.6084
4083.61	46.6223
4084.41	46.6367
4085.21	46.6512
4086.02	46.6659
4086.82	46.6805
4087.62	46.6951
4088.43	46.7097
4089.23	46.7244
4090.03	46.739
4090.84	46.7535
4091.64	46.7673
4092.44	46.7808
4093.25	46.7927
4094.05	46.8036
4094.86	46.8129
4095.66	46.8213
4096.46	46.8288
4097.27	46.8358
4098.07	46.8423
4098.87	46.8487
4099.68	46.8543
4100.48	46.8596
4101.28	46.8634
4102.09	46.8663
4102.89	46.8671
4103.69	46.8665
4104.5	46.8638
4105.3	46.8594
4106.11	46.8527
4106.91	46.8441
4107.71	46.8333
4108.52	46.8203
4109.32	46.8056
4110.12	46.789
4110.93	46.7708
4111.73	46.7507
4112.53	46.7286
4113.34	46.7039
4114.14	46.6775
4114.94	46.6485
4115.75	46.6178
4116.55	46.5844
4117.35	46.5492
4118.16	46.5105
4118.96	46.4701
4119.77	46.426
4120.57	46.3806
4121.37	46.3316
4122.18	46.2815
4122.98	46.2275
4123.78	46.1726
4124.59	46.1137
4125.39	46.0541
4126.19	45.9901
4127	45.9256
4127.8	45.856
4128.6	45.786
4129.41	45.7105
4130.21	45.6349
4131.02	45.5539
4131.82	45.4729
4132.62	45.3869
4133.43	45.3008
4134.23	45.2106
4135.03	45.12
4135.84	45.026
4136.64	44.9314
4137.44	44.8333
4138.25	44.7345
4139.05	44.632
4139.85	44.5284
4140.66	44.4215
4141.46	44.3133
4142.26	44.2026
4143.07	44.0907
4143.87	43.977
4144.68	43.862
4145.48	43.7451
4146.28	43.6266
4147.09	43.5063
4147.89	43.384
4148.69	43.2608
4149.5	43.1362
4150.3	43.0114
4151.1	42.886
4151.91	42.7603
4152.71	42.6338
4153.51	42.5069
4154.32	42.3777
4155.12	42.248
4155.92	42.1148
4156.73	41.9814
4157.53	41.8448
4158.34	41.7083
4159.14	41.5712
4159.94	41.4342
4160.75	41.2982
4161.55	41.1624
4162.35	41.0263
4163.16	40.8903
4163.96	40.7528
4164.76	40.6148
4165.57	40.4765
4166.37	40.338
4167.17	40.2008
4167.98	40.0646
4168.78	39.9297
4169.59	39.7961
4170.39	39.6626
4171.19	39.5294
4172	39.396
4172.8	39.2621
4173.6	39.1283
4174.41	38.9949
4175.21	38.862
4176.01	38.7309
4176.82	38.5999
4177.62	38.4713
4178.42	38.3428
4179.23	38.2167
4180.03	38.0908
4180.83	37.9678
4181.64	37.8453
4182.44	37.7267
4183.25	37.6094
4184.05	37.4962
4184.85	37.3852
4185.66	37.2779
4186.46	37.1736
4187.26	37.0729
4188.07	36.9765
4188.87	36.884
4189.67	36.7985
4190.48	36.7167
4191.28	36.6462
4192.08	36.5784
4192.89	36.5261
4193.69	36.4746
4194.49	36.4407
4195.3	36.4069
4196.1	36.3873
4196.91	36.369
4197.71	36.3608
4198.51	36.355
4199.32	36.356
4200.12	36.3599
4200.92	36.368
4201.73	36.379
4202.53	36.3931
4203.33	36.4111
4204.14	36.432
4204.94	36.4586
4205.74	36.4875
4206.55	36.5243
4207.35	36.5622
4208.16	36.6107
4208.96	36.6592
4209.76	36.7204
4210.57	36.7819
4211.37	36.8543
4212.17	36.9286
4212.98	37.0122
4213.78	37.0995
4214.58	37.194
4215.39	37.2935
4216.19	37.3968
4216.99	37.5046
4217.8	37.6132
4218.6	37.7236
4219.4	37.8335
4220.21	37.9413
4221.01	38.0488
4221.82	38.1515
4222.62	38.2541
4223.42	38.3535
4224.23	38.4525
4225.03	38.5476
4225.83	38.6414
4226.64	38.7248
4227.44	38.802
4228.24	38.8659
4229.05	38.9154
4229.85	38.9558
4230.65	38.9783
4231.46	38.9974
4232.26	39.0017
4233.06	39.0057
4233.87	39.0015
4234.67	38.9972
4235.48	38.9771
4236.28	38.955
4237.08	38.9034
4237.89	38.8412
4238.69	38.7576
4239.49	38.6587
4240.3	38.5475
4241.1	38.4198
4241.9	38.2783
4242.71	38.0988
4243.51	37.9129
4244.31	37.672
4245.12	37.4312
4245.92	37.1716
4246.73	36.9109
4247.53	36.6648
4248.33	36.4228
4249.14	36.1835
4249.94	35.946
4250.74	35.6988
4251.55	35.4398
4252.35	35.1759
4253.15	34.8991
4253.96	34.6253
4254.76	34.3745
4255.56	34.1238
4256.37	33.9616
4257.17	33.8052
4257.97	33.7528
4258.78	33.7324
4259.58	33.7841
4260.39	33.886
4261.19	34.0077
4261.99	34.1579
4262.8	34.2993
4263.6	34.4115
4264.4	34.5202
4265.21	34.5614
4266.01	34.6026
4266.81	34.5888
4267.62	34.5666
4268.42	34.5088
4269.22	34.4345
4270.03	34.3362
4270.83	34.2135
4271.64	34.0782
4272.44	33.9146
4273.24	33.7501
4274.05	33.5784
4274.85	33.4067
4275.65	33.2766
4276.46	33.15
4277.26	33.0674
4278.06	33.0011
4278.87	32.9414
4279.67	32.8876
4280.47	32.825
4281.28	32.7454
4282.08	32.6647
4282.88	32.577
4283.69	32.4893
4284.49	32.4082
4285.3	32.3275
4286.1	32.2434
4286.9	32.158
4287.71	32.065
4288.51	31.9651
4289.31	31.8604
4290.12	31.7454
4290.92	31.6286
4291.72	31.498
4292.53	31.3675
4293.33	31.2232
4294.13	31.0776
4294.94	30.9233
4295.74	30.7652
4296.54	30.6026
4297.35	30.4351
4298.15	30.2668
4298.96	30.0963
4299.76	29.926
4300.56	29.7585
4301.37	29.5911
4302.17	29.4244
4302.97	29.2581
4303.78	29.0903
4304.58	28.9216
4305.38	28.7509
4306.19	28.5769
4306.99	28.4007
4307.79	28.2129
4308.6	28.0251
4309.4	27.8218
4310.21	27.6175
4311.01	27.4089
4311.81	27.1986
4312.62	26.9907
4313.42	26.7856
4314.22	26.5825
4315.03	26.3857
4315.83	26.1889
4316.63	25.9994
4317.44	25.8099
4318.24	25.6284
4319.04	25.4492
4319.85	25.2762
4320.65	25.1087
4321.45	24.9429
4322.26	24.7812
4323.06	24.6195
4323.87	24.458
4324.67	24.2964
4325.47	24.1316
4326.28	23.966
4327.08	23.7967
4327.88	23.6244
4328.69	23.4503
4329.49	23.2721
4330.29	23.0938
4331.1	22.9129
4331.9	22.7322
4332.7	22.552
4333.51	22.372
4334.31	22.1928
4335.11	22.0141
4335.92	21.836
4336.72	21.6588
4337.53	21.4821
4338.33	21.311
4339.13	21.14
4339.94	20.9773
4340.74	20.8168
4341.54	20.661
4342.35	20.5096
4343.15	20.3591
4343.95	20.2115
4344.76	20.0638
4345.56	19.915
4346.36	19.7662
4347.17	19.6159
4347.97	19.4652
4348.78	19.3159
4349.58	19.1681
4350.38	19.0216
4351.19	18.8796
4351.99	18.7378
4352.79	18.5994
4353.6	18.4614
4354.4	18.325
4355.2	18.1895
4356.01	18.0555
4356.81	17.9241
4357.61	17.7933
4358.42	17.6668
4359.22	17.5403
4360.02	17.4165
4360.83	17.2934
4361.63	17.1716
4362.44	17.0511
4363.24	16.9313
4364.04	16.8138
4364.85	16.6963
4365.65	16.5823
4366.45	16.4685
4367.26	16.3573
4368.06	16.2474
4368.86	16.1385
4369.67	16.0312
4370.47	15.9241
4371.27	15.8186
4372.08	15.7131
4372.88	15.6101
4373.69	15.5077
4374.49	15.4085
4375.29	15.3122
4376.1	15.2176
4376.9	15.1291
4377.7	15.0407
4378.51	14.9586
4379.31	14.8771
4380.11	14.7988
4380.92	14.7224
4381.72	14.6473
4382.52	14.5749
4383.33	14.5026
4384.13	14.4334
4384.93	14.3642
4385.74	14.2972
4386.54	14.2312
4387.35	14.167
4388.15	14.1055
4388.95	14.0446
4389.76	13.988
4390.56	13.9315
4391.36	13.8776
4392.17	13.8243
4392.97	13.7718
4393.77	13.7203
4394.58	13.6689
4395.38	13.6188
4396.18	13.5687
4396.99	13.5208
4397.79	13.4734
4398.59	13.4283
4399.4	13.3855
4400.2	13.3437
4401.01	13.3059
4401.81	13.2681
4402.61	13.2334
4403.42	13.1992
4404.22	13.1663
4405.02	13.1345
4405.83	13.1032
4406.63	13.074
4407.43	13.0447
4408.24	13.0188
4409.04	12.9934
4409.84	12.9703
4410.65	12.9492
4411.45	12.9288
4412.26	12.9108
4413.06	12.8928
4413.86	12.8767
4414.67	12.861
4415.47	12.8467
4416.27	12.8338
4417.08	12.8215
4417.88	12.8117
4418.68	12.8018
4419.49	12.7941
4420.29	12.7866
4421.09	12.7804
4421.9	12.7753
4422.7	12.7707
4423.5	12.7693
4424.31	12.7678
4425.11	12.77
4425.92	12.7731
4426.72	12.7782
4427.52	12.7854
4428.33	12.7931
4429.13	12.8034
4429.93	12.8138
4430.74	12.8265
4431.54	12.8399
4432.34	12.8548
4433.15	12.8721
4433.95	12.8895
4434.75	12.9102
4435.56	12.9308
4436.36	12.9527
4437.16	12.9751
4437.97	12.998
4438.77	13.0216
4439.58	13.0453
4440.38	13.0708
4441.18	13.0965
4441.99	13.1241
4442.79	13.153
4443.59	13.1828
4444.4	13.216
4445.2	13.2492
4446	13.2857
4446.81	13.3228
4447.61	13.3612
4448.41	13.4011
4449.22	13.4412
4450.02	13.4835
4450.83	13.5258
4451.63	13.5702
4452.43	13.6152
4453.24	13.6614
4454.04	13.7095
4454.84	13.7575
4455.65	13.8083
4456.45	13.8591
4457.25	13.9112
4458.06	13.9643
4458.86	14.0179
4459.66	14.0732
4460.47	14.1286
4461.27	14.1862
4462.07	14.2444
4462.88	14.3038
4463.68	14.3651
4464.49	14.4265
4465.29	14.4907
4466.09	14.5549
4466.9	14.6206
4467.7	14.6872
4468.5	14.754
4469.31	14.822
4470.11	14.8899
4470.91	14.9585
4471.72	15.0273
4472.52	15.0967
4473.32	15.167
4474.13	15.2373
4474.93	15.3104
4475.73	15.3834
4476.54	15.4584
4477.34	15.5344
4478.15	15.6109
4478.95	15.6889
4479.75	15.7669
4480.56	15.8456
4481.36	15.9244
4482.16	16.0036
4482.97	16.0832
4483.77	16.1627
4484.57	16.2432
4485.38	16.3238
4486.18	16.4046
4486.98	16.4857
4487.79	16.5668
4488.59	16.6482
4489.4	16.7296
4490.2	16.8118
4491	16.8942
4491.81	16.9769
4492.61	17.0604
4493.41	17.1438
4494.22	17.2271
4495.02	17.3104
4495.82	17.3932
4496.63	17.4755
4497.43	17.5577
4498.23	17.6388
4499.04	17.7198
4499.84	17.8004
4500.64	17.8806
4501.45	17.9608
4502.25	18.0408
4503.06	18.1208
4503.86	18.2009
4504.66	18.281
4505.47	18.3609
4506.27	18.4403
4507.07	18.5197
4507.88	18.5973
4508.68	18.6747
4509.48	18.7511
4510.29	18.8262
4511.09	18.9013
4511.89	18.9746
4512.7	19.0479
4513.5	19.1199
4514.31	19.1911
4515.11	19.2619
4515.91	19.3306
4516.72	19.3992
4517.52	19.4658
4518.32	19.5317
4519.13	19.5969
4519.93	19.6602
4520.73	19.7235
4521.54	19.7853
4522.34	19.8465
4523.14	19.907
4523.95	19.9658
4524.75	20.0246
4525.55	20.0801
4526.36	20.1351
4527.16	20.1884
4527.97	20.2394
4528.77	20.2903
4529.57	20.3386
4530.38	20.3867
4531.18	20.4338
4531.98	20.4797
4532.79	20.5254
4533.59	20.5675
4534.39	20.6095
4535.2	20.6484
4536	20.685
4536.8	20.721
4537.61	20.7526
4538.41	20.7842
4539.21	20.8134
4540.02	20.8412
4540.82	20.8685
4541.63	20.8929
4542.43	20.9173
4543.23	20.9394
4544.04	20.9604
4544.84	20.9807
4545.64	20.9984
4546.45	21.016
4547.25	21.0308
4548.05	21.0445
4548.86	21.0572
4549.66	21.0668
4550.46	21.0764
4551.27	21.083
4552.07	21.0887
4552.88	21.0933
4553.68	21.0951
4554.48	21.097
4555.29	21.0956
4556.09	21.0933
4556.89	21.09
4557.7	21.0839
4558.5	21.0779
4559.3	21.0688
4560.11	21.059
4560.91	21.048
4561.71	21.0344
4562.52	21.0208
4563.32	21.0045
4564.12	20.9877
4564.93	20.9701
4565.73	20.9508
4566.54	20.9317
4567.34	20.9104
4568.14	20.8888
4568.95	20.8661
4569.75	20.8411
4570.55	20.8162
4571.36	20.7885
4572.16	20.7602
4572.96	20.7311
4573.77	20.6999
4574.57	20.6688
4575.37	20.6349
4576.18	20.6004
4576.98	20.565
4577.78	20.5273
4578.59	20.4895
4579.39	20.4503
4580.2	20.4107
4581	20.3708
4581.8	20.3301
4582.61	20.2893
4583.41	20.2473
4584.21	20.2048
4585.02	20.1617
4585.82	20.1167
4586.62	20.0716
4587.43	20.0246
4588.23	19.9768
4589.03	19.9287
4589.84	19.8787
4590.64	19.8288
4591.45	19.7783
4592.25	19.7275
4593.05	19.6767
4593.86	19.6254
4594.66	19.574
4595.46	19.522
4596.27	19.4694
4597.07	19.4167
4597.87	19.3627
4598.68	19.3088
4599.48	19.254
4600.28	19.1986
4601.09	19.1431
4601.89	19.0858
4602.69	19.0285
4603.5	18.9706
4604.3	18.912
4605.11	18.8534
4605.91	18.7946
4606.71	18.7359
4607.52	18.6772
4608.32	18.6188
4609.12	18.5603
4609.93	18.5017
4610.73	18.4431
4611.53	18.3844
4612.34	18.3254
4613.14	18.2663
4613.94	18.2067
4614.75	18.1467
4615.55	18.0865
4616.36	18.0248
4617.16	17.9632
4617.96	17.9008
4618.77	17.8378
4619.57	17.7749
4620.37	17.7123
4621.18	17.6498
4621.98	17.5879
4622.78	17.5269
4623.59	17.4659
4624.39	17.406
4625.19	17.3463
4626	17.2864
4626.8	17.2261
4627.6	17.1658
4628.41	17.1038
4629.21	17.0412
4630.02	16.9783
4630.82	16.9142
4631.62	16.8502
4632.43	16.7865
4633.23	16.7232
4634.03	16.66
4634.84	16.5982
4635.64	16.5364
4636.44	16.475
4637.25	16.414
4638.05	16.353
4638.85	16.2915
4639.66	16.2299
4640.46	16.168
4641.26	16.105
4642.07	16.0419
4642.87	15.9782
4643.68	15.9141
4644.48	15.85
4645.28	15.7863
4646.09	15.7226
4646.89	15.6595
4647.69	15.5969
4648.5	15.5344
4649.3	15.4722
4650.1	15.41
4650.91	15.3474
4651.71	15.2842
4652.51	15.221
4653.32	15.1571
4654.12	15.0929
4654.93	15.0286
4655.73	14.9641
4656.53	14.8997
4657.34	14.8353
4658.14	14.771
4658.94	14.7068
4659.75	14.6422
4660.55	14.5777
4661.35	14.5128
4662.16	14.4471
4662.96	14.3814
4663.76	14.3143
4664.57	14.2467
4665.37	14.1788
4666.17	14.1097
4666.98	14.0406
4667.78	13.9716
4668.59	13.9028
4669.39	13.8339
4670.19	13.7656
4671	13.6974
4671.8	13.629
4672.6	13.5602
4673.41	13.4915
4674.21	13.4221
4675.01	13.3524
4675.82	13.2827
4676.62	13.2117
4677.42	13.1408
4678.23	13.0689
4679.03	12.9957
4679.83	12.9225
4680.64	12.8475
4681.44	12.7721
4682.25	12.6965
4683.05	12.6202
4683.85	12.5439
4684.66	12.4673
4685.46	12.3903
4686.26	12.3134
4687.07	12.2349
4687.87	12.1561
4688.67	12.077
4689.48	11.9967
4690.28	11.9163
4691.08	11.8352
4691.89	11.7535
4692.69	11.6719
4693.5	11.5879
4694.3	11.5038
4695.1	11.4188
4695.91	11.3318
4696.71	11.2448
4697.51	11.1567
4698.32	11.0681
4699.12	10.9795
4699.92	10.8903
4700.73	10.8011
4701.53	10.7117
4702.33	10.622
4703.14	10.5323
4703.94	10.4418
4704.74	10.3511
4705.55	10.2602
4706.35	10.1671
4707.16	10.074
4707.96	9.97943
4708.76	9.88266
4709.57	9.78593
4710.37	9.68696
4711.17	9.5872
4711.98	9.48738
4712.78	9.38634
4713.58	9.28533
4714.39	9.18401
4715.19	9.08224
4715.99	8.98051
4716.8	8.87766
4717.6	8.77444
4718.41	8.6711
4719.21	8.56576
4720.01	8.46045
4720.82	8.35441
4721.62	8.24725
4722.42	8.14013
4723.23	8.03232
4724.03	7.92427
4724.83	7.81621
4725.64	7.70745
4726.44	7.59872
4727.24	7.48957
4728.05	7.37966
4728.85	7.26979
4729.65	7.15932
4730.46	7.04858
4731.26	6.93789
4732.07	6.82709
4732.87	6.71634
4733.67	6.60561
4734.48	6.49493
4735.28	6.38429
4736.08	6.27369
4736.89	6.16314
4737.69	6.05263
4738.49	5.9425
4739.3	5.83242
4740.1	5.72249
4740.9	5.61295
4741.71	5.50344
4742.51	5.3942
4743.31	5.28518
4744.12	5.17619
4744.92	5.06793
4745.73	4.95985
4746.53	4.85201
4747.33	4.74559
4748.14	4.63921
4748.94	4.53378
4749.74	4.4296
4750.55	4.32545
4751.35	4.2231
4752.15	4.12145
4752.96	4.01987
4753.76	3.92112
4754.56	3.8224
4755.37	3.72457
4756.17	3.62878
4756.98	3.53303
4757.78	3.439
4758.58	3.34621
4759.39	3.25345
4760.19	3.1639
4760.99	3.07486
4761.8	2.98644
4762.6	2.90143
4763.4	2.81645
4764.21	2.73288
4765.01	2.65118
4765.81	2.56951
4766.62	2.48991
4767.42	2.4112
4768.22	2.33252
4769.03	2.25721
4769.83	2.18201
4770.64	2.10787
4771.44	2.03694
4772.24	1.96604
4773.05	1.89757
4773.85	1.83138
4774.65	1.76522
4775.46	1.70229
4776.26	1.6403
4777.06	1.57847
4777.87	1.52009
4778.67	1.46173
4779.47	1.40452
4780.28	1.34997
4781.08	1.29544
4781.88	1.24313
4782.69	1.19256
4783.49	1.14201
4784.3	1.095
4785.1	1.0488
4785.9	1.00294
4786.71	0.961537
4787.51	0.920146
4788.31	0.880048
4789.12	0.842689
4789.92	0.805342
4790.72	0.769755
4791.53	0.735513
4792.33	0.701282
4793.13	0.669523
4793.94	0.638343
4794.74	0.607339
4795.55	0.57918
4796.35	0.551031
4797.15	0.52379
4797.96	0.498704
4798.76	0.473628
4799.56	0.450121
4800.37	0.427994
4801.17	0.405873
4801.97	0.385336
4802.78	0.365283
4803.58	0.345237
4804.38	0.327018
4805.19	0.308804
4805.99	0.29126
4806.79	0.275946
4807.6	0.260636
4808.4	0.246689
4809.21	0.234357
4810.01	0.222029
4810.81	0.210459
4811.62	0.199245
4812.42	0.188035
4813.22	0.177034
4814.03	0.16606
4814.83	0.155298
4815.63	0.146025
4816.44	0.136755
4817.24	0.128349
4818.04	0.121612
4818.85	0.114876
4819.65	0.108825
4820.45	0.103323
4821.26	0.0978223
4822.06	0.0923841
4822.87	0.0869662
4823.67	0.0815502
4824.47	0.076588
4825.28	0.0716388
4826.08	0.0669006
4826.88	0.0631026
4827.69	0.0593058
4828.49	0.0558559
4829.29	0.052956
4830.1	0.050057
4830.9	0.0471964
4831.7	0.044363
4832.51	0.0415306
4833.31	0.0388142
4834.12	0.0361299
4834.92	0.0334466
4835.72	0.0317782
4836.53	0.0301282
4837.33	0.0286433
4838.13	0.0279274
4838.94	0.0272116
4839.74	0.0264477
4840.54	0.0256005
4841.35	0.0247537
4842.15	0.0236812
4842.95	0.0224283
4843.76	0.0211758
4844.56	0.0203076
4845.36	0.0195736
4846.17	0.0188399
4846.97	0.0187443
4847.78	0.018701
4848.58	0.0186109
4849.38	0.0181209
4850.19	0.0176311
4850.99	0.0169394
4851.79	0.0157347
4852.6	0.0145304
4853.4	0.0134219
4854.2	0.0124268
4855.01	0.011432
4855.81	0.0105004
4856.61	0.00960608
4857.42	0.00871205
4858.22	0.0073124
4859.03	0.00578676
4859.83	0.00426163
4860.63	0.00289319
4861.44	0.0015305
4862.24	0.000365879
4863.04	0.000503902
4863.85	0.000641879
4864.65	0.00112841
4865.45	0.0024533
4866.26	0.00377774
4867.06	0.00495344
4867.86	0.00594957
4868.67	0.00694538
4869.47	0.00727424
4870.27	0.00717577
4871.08	0.00707733
4871.88	0.00660795
4872.69	0.00602367
4873.49	0.00543959
4874.29	0.00511083
4875.1	0.00480603
4875.9	0.00450441
4876.7	0.00424867
4877.51	0.00399301
4878.31	0.00367551
4879.11	0.00312356
4879.92	0.00257179
4880.72	0.00212607
4881.52	0.00187534
4882.33	0.00162469
4883.13	0.00165824
4883.93	0.00198454
4884.74	0.00231074
4885.54	0.00251543
4886.35	0.00264884
4887.15	0.00278222
4887.95	0.00249208
4888.76	0.0020722
4889.56	0.00165246
4890.36	0.00136154
4891.17	0.00108538
4891.97	0.000825582
4892.77	0.00114415
4893.58	0.00146261
4894.38	0.00176765
4895.18	0.00199969
4895.99	0.00223165
4896.79	0.00231443
4897.6	0.00201105
4898.4	0.00170778
4899.2	0.0014787
4900.01	0.00136076
4900.81	0.00124287
4901.61	0.00142873
4902.42	0.00189607
4903.22	0.00236325
4904.02	0.00280552
4904.83	0.00323341
4905.63	0.00366116
4906.43	0.00373733
4907.24	0.00369531
4908.04	0.00365331
4908.84	0.00356027
4909.65	0.00345889
4910.45	0.00335754
4911.26	0.0037877
4912.06	0.00423594
4912.86	0.00470996
4913.67	0.00551791
4914.47	0.00632559
4915.27	0.00702158
4916.08	0.00718998
4916.88	0.00735832
4917.68	0.00726052
4918.49	0.00645805
4919.29	0.00565585
4920.09	0.00487132
4920.9	0.00411657
4921.7	0.00336207
4922.5	0.00305628
4923.31	0.00326625
4924.11	0.00347616
4924.92	0.00393229
4925.72	0.00458451
4926.52	0.00523653
4927.33	0.00539416
4928.13	0.00527996
4928.93	0.00516579
4929.74	0.00441599
4930.54	0.00343253
4931.34	0.00244939
4932.15	0.00166308
4932.95	0.000921909
4933.75	0.000180978
4934.56	0.000167312
4935.36	0.000239487
4936.17	0.000311638
4936.97	0.000645882
4937.77	0.000987589
4938.58	0.00133069
4939.38	0.00170446
4940.18	0.00207811
4940.99	0.00249428
4941.79	0.00322705
4942.59	0.00395958
4943.4	0.00469396
4944.2	0.00543716
4945	0.00618011
4945.81	0.00669676
4946.61	0.00655
4947.41	0.0064033
4948.22	0.00598264
4949.02	0.0049739
4949.83	0.00396549
4950.63	0.00312552
4951.43	0.00256182
4952.24	0.0019983
4953.04	0.00190503
4953.84	0.00241857
4954.65	0.00293194
4955.45	0.00332345
4956.25	0.00358901
4957.06	0.00385449
4957.86	0.00350195
4958.66	0.00263159
4959.47	0.00176151
4960.27	0.00112506
4961.08	0.000648619
4961.88	0.000172334
4962.68	0.000253425
4963.49	0.000647616
4964.29	0.00104168
4965.09	0.00166433
4965.9	0.00239239
4966.7	0.00312021
4967.5	0.0035474
4968.31	0.00386059
4969.11	0.00417367
4969.91	0.00475194
4970.72	0.00541229
4971.52	0.00607243
4972.32	0.00726438
4973.13	0.00859005
4973.93	0.00991529
4974.74	0.0108856
4975.54	0.0117836
4976.34	0.0126814
4977.15	0.0122997
4977.95	0.0117113
4978.75	0.0111231
4979.56	0.00971946
4980.36	0.00821302
4981.16	0.00670706
4981.97	0.00580905
4982.77	0.00497022
4983.57	0.00413165
4984.38	0.00455136
4985.18	0.00506165
4985.98	0.00557177
4986.79	0.00658285
4987.59	0.00761943
4988.4	0.00865568
4989.2	0.00910054
4990	0.00952467
4990.81	0.00994866
4991.61	0.00943134
4992.41	0.00889383
4993.22	0.00835649
4994.02	0.00732448
4994.82	0.00628703
4995.63	0.00524991
4996.43	0.00439078
4997.23	0.00353278
4998.04	0.00267506
4998.84	0.00234291
4999.65	0.00201137
5000	0.00167994
