265.0	1.1014e-05
265.2	1.1025e-05
265.4	1.1037e-05
265.6	1.1049e-05
265.8	1.1061e-05
266.0	1.1072e-05
266.2	1.1084e-05
266.4	1.1096e-05
266.6	1.1108e-05
266.8	1.1119e-05
267.0	1.1131e-05
267.2	1.1143e-05
267.4	1.1155e-05
267.6	1.1167e-05
267.8	1.1178e-05
268.0	1.119e-05
268.2	1.1202e-05
268.4	1.1214e-05
268.6	1.1226e-05
268.8	1.1238e-05
269.0	1.125e-05
269.2	1.1262e-05
269.4	1.1809e-05
269.6	1.5093e-05
269.8	1.929e-05
270.0	2.4655e-05
270.2	2.2261e-05
270.4	2.0101e-05
270.6	1.8149e-05
270.8	1.6388e-05
271.0	1.4797e-05
271.2	1.3361e-05
271.4	1.2064e-05
271.6	1.0893e-05
271.8	9.8355e-06
272.0	8.8808e-06
272.2	8.0187e-06
272.4	7.2404e-06
272.6	6.5376e-06
272.8	5.903e-06
273.0	5.33e-06
273.2	4.8443e-06
273.4	4.7738e-06
273.6	4.7044e-06
273.8	4.6359e-06
274.0	4.5685e-06
274.2	4.5021e-06
274.4	4.4366e-06
274.6	4.372e-06
274.8	4.3084e-06
275.0	4.2458e-06
275.2	4.184e-06
275.4	4.1231e-06
275.6	4.0632e-06
275.8	4.0041e-06
276.0	3.9458e-06
276.2	3.8884e-06
276.4	3.8319e-06
276.6	3.7761e-06
276.8	3.7212e-06
277.0	3.6671e-06
277.2	3.6137e-06
277.4	3.5612e-06
277.6	3.5094e-06
277.8	3.4583e-06
278.0	3.373e-06
278.2	3.2793e-06
278.4	3.1883e-06
278.6	3.0998e-06
278.8	3.0137e-06
279.0	2.93e-06
279.2	2.8487e-06
279.4	2.7696e-06
279.6	2.6927e-06
279.8	2.6179e-06
280.0	2.5453e-06
280.2	2.4746e-06
280.4	2.4059e-06
280.6	2.3391e-06
280.8	2.2741e-06
281.0	2.211e-06
281.2	2.1496e-06
281.4	2.0899e-06
281.6	2.0319e-06
281.8	1.9755e-06
282.0	1.9206e-06
282.2	1.8673e-06
282.4	1.8155e-06
282.6	1.8725e-06
282.8	2.0672e-06
283.0	2.2822e-06
283.2	2.5195e-06
283.4	2.7815e-06
283.6	3.0708e-06
283.8	3.3901e-06
284.0	3.7426e-06
284.2	4.1318e-06
284.4	4.5615e-06
284.6	5.0358e-06
284.8	5.5595e-06
285.0	6.1376e-06
285.2	5.3723e-06
285.4	4.7024e-06
285.6	4.116e-06
285.8	3.6028e-06
286.0	3.1536e-06
286.2	2.7603e-06
286.4	2.4161e-06
286.6	2.1149e-06
286.8	1.8512e-06
287.0	1.6203e-06
287.2	1.4183e-06
287.4	1.2414e-06
287.6	1.0866e-06
287.8	9.5114e-07
288.0	9.1026e-07
288.2	8.8443e-07
288.4	8.5933e-07
288.6	8.3494e-07
288.8	8.1124e-07
289.0	7.8822e-07
289.2	7.6585e-07
289.4	7.4411e-07
289.6	7.23e-07
289.8	7.0248e-07
290.0	6.8254e-07
290.2	6.6317e-07
290.4	6.4435e-07
290.6	6.2606e-07
290.8	6.0829e-07
291.0	5.9103e-07
291.2	5.7426e-07
291.4	5.5796e-07
291.6	5.4212e-07
291.8	5.2674e-07
292.0	5.1179e-07
292.2	4.9726e-07
292.4	4.8315e-07
292.6	4.7033e-07
292.8	4.5852e-07
293.0	4.4701e-07
293.2	4.3579e-07
293.4	4.2485e-07
293.6	4.1418e-07
293.8	4.0378e-07
294.0	3.9364e-07
294.2	3.8376e-07
294.4	3.7413e-07
294.6	3.6473e-07
294.8	3.5557e-07
295.0	3.4665e-07
295.2	3.3861e-07
295.4	3.3076e-07
295.6	3.231e-07
295.8	3.183e-07
296.0	3.1449e-07
296.2	3.1072e-07
296.4	3.0699e-07
296.6	3.0331e-07
296.8	2.9968e-07
297.0	2.9609e-07
297.2	2.9254e-07
297.4	2.8903e-07
297.6	2.8557e-07
297.8	2.8214e-07
298.0	2.7876e-07
298.2	2.7542e-07
298.4	2.7212e-07
298.6	2.6886e-07
298.8	2.6564e-07
299.0	2.6245e-07
299.2	2.5931e-07
299.4	2.562e-07
299.6	2.5313e-07
299.8	2.501e-07
300.0	2.471e-07
300.2	2.4414e-07
300.4	2.4232e-07
300.6	2.418e-07
300.8	2.4128e-07
301.0	2.4077e-07
301.2	2.4025e-07
301.4	2.3974e-07
301.6	2.3923e-07
301.8	2.3872e-07
302.0	2.3821e-07
302.2	2.377e-07
302.4	2.372e-07
302.6	2.3669e-07
302.8	2.3619e-07
303.0	2.3568e-07
303.2	2.3518e-07
303.4	2.3468e-07
303.6	2.3418e-07
303.8	2.3368e-07
304.0	2.3318e-07
304.2	2.3268e-07
304.4	2.3219e-07
304.6	2.3169e-07
304.8	2.312e-07
305.0	2.3024e-07
305.2	2.2499e-07
305.4	2.1986e-07
305.6	2.1484e-07
305.8	2.0994e-07
306.0	2.0515e-07
306.2	2.0047e-07
306.4	1.959e-07
306.6	2.0063e-07
306.8	2.1369e-07
307.0	2.276e-07
307.2	2.4241e-07
307.4	2.5819e-07
307.6	2.75e-07
307.8	2.929e-07
308.0	3.1196e-07
308.2	3.3227e-07
308.4	3.5389e-07
308.6	3.7693e-07
308.8	4.0147e-07
309.0	4.276e-07
309.2	4.5543e-07
309.4	4.8508e-07
309.6	5.1665e-07
309.8	5.5028e-07
310.0	5.861e-07
310.2	6.2425e-07
310.4	6.6488e-07
310.6	7.0816e-07
310.8	7.5426e-07
311.0	8.0335e-07
311.2	8.2789e-07
311.4	7.7073e-07
311.6	7.1751e-07
311.8	6.6797e-07
312.0	6.2185e-07
312.2	5.7891e-07
312.4	5.3894e-07
312.6	5.0173e-07
312.8	4.6709e-07
313.0	4.3484e-07
313.2	4.0481e-07
313.4	3.7686e-07
313.6	3.5084e-07
313.8	3.2662e-07
314.0	3.0407e-07
314.2	2.8307e-07
314.4	2.6353e-07
314.6	2.4533e-07
314.8	2.2839e-07
315.0	2.1262e-07
315.2	1.9794e-07
315.4	1.8428e-07
315.6	1.7155e-07
315.8	1.5971e-07
316.0	1.5766e-07
316.2	1.5602e-07
316.4	1.544e-07
316.6	1.5279e-07
316.8	1.512e-07
317.0	1.4963e-07
317.2	1.4807e-07
317.4	1.4653e-07
317.6	1.4501e-07
317.8	1.435e-07
318.0	1.4201e-07
318.2	1.4053e-07
318.4	1.3907e-07
318.6	1.3762e-07
318.8	1.3619e-07
319.0	1.3478e-07
319.2	1.3337e-07
319.4	1.3199e-07
319.6	1.3061e-07
319.8	1.2926e-07
320.0	1.2791e-07
320.2	1.2658e-07
320.4	1.2527e-07
320.6	1.332e-07
320.8	1.4629e-07
321.0	1.6067e-07
321.2	1.7646e-07
321.4	1.938e-07
321.6	2.1285e-07
321.8	2.3376e-07
322.0	2.5673e-07
322.2	2.8196e-07
322.4	3.0967e-07
322.6	3.4011e-07
322.8	3.7353e-07
323.0	4.1024e-07
323.2	4.5055e-07
323.4	4.9483e-07
323.6	5.4346e-07
323.8	5.9687e-07
324.0	6.5552e-07
324.2	7.1994e-07
324.4	7.9069e-07
324.6	8.684e-07
324.8	9.5374e-07
325.0	1.0475e-06
325.2	1.0569e-06
325.4	9.5314e-07
325.6	8.5955e-07
325.8	7.7516e-07
326.0	6.9904e-07
326.2	6.304e-07
326.4	5.6851e-07
326.6	5.1268e-07
326.8	4.6234e-07
327.0	4.1695e-07
327.2	3.7601e-07
327.4	3.3909e-07
327.6	3.0579e-07
327.8	2.7577e-07
328.0	2.4869e-07
328.2	2.2427e-07
328.4	2.0225e-07
328.6	1.8239e-07
328.8	1.6448e-07
329.0	1.4833e-07
329.2	1.3377e-07
329.4	1.2063e-07
329.6	1.0879e-07
329.8	1.0e-07
330.0	1.0e-07
330.2	1.0e-07
330.4	1.0e-07
330.6	1.0e-07
330.8	1.0e-07
331.0	1.0e-07
331.2	1.0e-07
331.4	1.0e-07
331.6	1.0e-07
331.8	1.0e-07
332.0	1.0e-07
332.2	1.0e-07
332.4	1.0e-07
332.6	1.0e-07
332.8	1.0e-07
333.0	1.0e-07
333.2	1.0e-07
333.4	1.0e-07
333.6	1.0e-07
333.8	1.0e-07
334.0	1.0e-07
334.2	1.0e-07
334.4	1.0e-07
334.6	1.0e-07
334.8	1.0e-07
335.0	1.0e-07
335.2	1.0e-07
335.4	1.0e-07
335.6	1.0e-07
335.8	1.0e-07
336.0	1.0e-07
336.2	1.0e-07
336.4	1.0e-07
336.6	1.0e-07
336.8	1.0e-07
337.0	1.0051e-07
337.2	1.0509e-07
337.4	1.0987e-07
337.6	1.1487e-07
337.8	1.201e-07
338.0	1.2556e-07
338.2	1.3128e-07
338.4	1.3725e-07
338.6	1.435e-07
338.8	1.5003e-07
339.0	1.5685e-07
339.2	1.6399e-07
339.4	1.7146e-07
339.6	1.7926e-07
339.8	1.8742e-07
340.0	1.9594e-07
340.2	2.0486e-07
340.4	2.1418e-07
340.6	2.2393e-07
340.8	2.3412e-07
341.0	2.4478e-07
341.2	2.5592e-07
341.4	2.6756e-07
341.6	2.7974e-07
341.8	3.0078e-07
342.0	3.2488e-07
342.2	3.5092e-07
342.4	3.7904e-07
342.6	4.0941e-07
342.8	4.4222e-07
343.0	4.7766e-07
343.2	5.1593e-07
343.4	5.5728e-07
343.6	6.0193e-07
343.8	6.5017e-07
344.0	7.0227e-07
344.2	7.5855e-07
344.4	8.1933e-07
344.6	8.8499e-07
344.8	9.5591e-07
345.0	1.0325e-06
345.2	1.1153e-06
345.4	1.2046e-06
345.6	1.3012e-06
345.8	1.4054e-06
346.0	1.518e-06
346.2	1.6397e-06
346.4	1.5673e-06
346.6	1.3878e-06
346.8	1.2288e-06
347.0	1.088e-06
347.2	9.6341e-07
347.4	8.5305e-07
347.6	7.5533e-07
347.8	6.6881e-07
348.0	5.922e-07
348.2	5.2436e-07
348.4	4.6429e-07
348.6	4.1111e-07
348.8	3.6402e-07
349.0	3.2232e-07
349.2	2.854e-07
349.4	2.527e-07
349.6	2.2376e-07
349.8	1.9813e-07
350.0	1.7543e-07
350.2	1.5533e-07
350.4	1.3754e-07
350.6	1.2179e-07
350.8	1.0783e-07
351.0	1.0e-07
351.2	1.0e-07
351.4	1.0e-07
351.6	1.0e-07
351.8	1.0e-07
352.0	1.0e-07
352.2	1.0e-07
352.4	1.0e-07
352.6	1.0e-07
352.8	1.0e-07
353.0	1.0e-07
353.2	1.0e-07
353.4	1.0e-07
353.6	1.0e-07
353.8	1.0e-07
354.0	1.0e-07
354.2	1.0e-07
354.4	1.0e-07
354.6	1.0e-07
354.8	1.0e-07
355.0	1.0e-07
355.2	1.0e-07
355.4	1.0e-07
355.6	1.0e-07
355.8	1.0e-07
356.0	1.0e-07
356.2	1.0e-07
356.4	1.0e-07
356.6	1.0e-07
356.8	1.0e-07
357.0	1.0e-07
357.2	1.0e-07
357.4	1.0e-07
357.6	1.0e-07
357.8	1.0e-07
358.0	1.0e-07
358.2	1.0e-07
358.4	1.0e-07
358.6	1.0e-07
358.8	1.0e-07
359.0	1.0e-07
359.2	1.0e-07
359.4	1.0e-07
359.6	1.0e-07
359.8	1.0e-07
360.0	1.0e-07
360.2	1.0e-07
360.4	1.0e-07
360.6	1.0e-07
360.8	1.0e-07
361.0	1.0e-07
361.2	1.0e-07
361.4	1.0e-07
361.6	1.0e-07
361.8	1.0e-07
362.0	1.0e-07
362.2	1.0e-07
362.4	1.0e-07
362.6	1.0e-07
362.8	1.0e-07
363.0	1.0e-07
363.2	1.0e-07
363.4	1.0e-07
363.6	1.0e-07
363.8	1.0e-07
364.0	1.0e-07
364.2	1.0e-07
364.4	1.0e-07
364.6	1.0e-07
364.8	1.0e-07
365.0	6.2795e-07
365.2	5.6314e-07
365.4	5.0501e-07
365.6	4.5289e-07
365.8	4.0614e-07
366.0	3.6422e-07
366.2	3.2663e-07
366.4	2.9291e-07
366.6	2.6268e-07
366.8	2.3557e-07
367.0	2.1125e-07
367.2	1.8945e-07
367.4	1.6989e-07
367.6	1.5236e-07
367.8	1.3663e-07
368.0	1.2253e-07
368.2	1.0988e-07
368.4	1.0125e-07
368.6	1.1104e-07
368.8	1.2178e-07
369.0	1.3356e-07
369.2	1.4647e-07
369.4	1.6063e-07
369.6	1.7616e-07
369.8	1.932e-07
370.0	2.1188e-07
370.2	2.3236e-07
370.4	2.5483e-07
370.6	2.7947e-07
370.8	3.0649e-07
371.0	3.3613e-07
371.2	3.6863e-07
371.4	4.0427e-07
371.6	4.4336e-07
371.8	4.8623e-07
372.0	5.3324e-07
372.2	5.848e-07
372.4	6.4134e-07
372.6	7.0335e-07
372.8	7.7136e-07
373.0	8.4594e-07
373.2	8.5525e-07
373.4	8.5646e-07
373.6	8.5766e-07
373.8	8.5886e-07
374.0	8.6007e-07
374.2	8.6128e-07
374.4	8.6249e-07
374.6	8.637e-07
374.8	8.6491e-07
375.0	8.6613e-07
375.2	8.6735e-07
375.4	8.6856e-07
375.6	8.6978e-07
375.8	8.7101e-07
376.0	8.7223e-07
376.2	8.7345e-07
376.4	8.7468e-07
376.6	8.7591e-07
376.8	8.7714e-07
377.0	8.7837e-07
377.2	8.7961e-07
377.4	8.8084e-07
377.6	8.8208e-07
377.8	8.5668e-07
378.0	8.1928e-07
378.2	7.8351e-07
378.4	7.4931e-07
378.6	7.166e-07
378.8	6.8531e-07
379.0	6.5539e-07
379.2	6.2678e-07
379.4	5.9942e-07
379.6	5.7325e-07
379.8	5.4822e-07
380.0	5.2429e-07
380.2	5.014e-07
380.4	4.7951e-07
380.6	4.5857e-07
380.8	4.3855e-07
381.0	4.1941e-07
381.2	4.011e-07
381.4	3.8359e-07
381.6	3.6684e-07
381.8	3.5083e-07
382.0	3.3551e-07
382.2	3.2086e-07
382.4	3.1281e-07
382.6	3.1237e-07
382.8	3.1193e-07
383.0	3.1148e-07
383.2	3.1104e-07
383.4	3.106e-07
383.6	3.1016e-07
383.8	3.0972e-07
384.0	3.0928e-07
384.2	3.0884e-07
384.4	3.084e-07
384.6	3.0797e-07
384.8	3.0753e-07
385.0	3.0709e-07
385.2	3.0666e-07
385.4	3.0622e-07
385.6	3.0579e-07
385.8	3.0536e-07
386.0	3.0492e-07
386.2	3.0449e-07
386.4	3.0406e-07
386.6	3.0363e-07
386.8	3.032e-07
387.0	3.0141e-07
387.2	2.9541e-07
387.4	2.8953e-07
387.6	2.8377e-07
387.8	2.7812e-07
388.0	2.7258e-07
388.2	2.6716e-07
388.4	2.6184e-07
388.6	2.5663e-07
388.8	2.5152e-07
389.0	2.4651e-07
389.2	2.4161e-07
389.4	2.368e-07
389.6	2.3208e-07
389.8	2.2746e-07
390.0	2.2294e-07
390.2	2.185e-07
390.4	2.1415e-07
390.6	2.0989e-07
390.8	2.0571e-07
391.0	2.0161e-07
391.2	1.976e-07
391.4	1.9367e-07
391.6	1.8982e-07
391.8	1.862e-07
392.0	1.8265e-07
392.2	1.7916e-07
392.4	1.7574e-07
392.6	1.7239e-07
392.8	1.691e-07
393.0	1.6588e-07
393.2	1.6271e-07
393.4	1.5961e-07
393.6	1.5656e-07
393.8	1.5358e-07
394.0	1.5065e-07
394.2	1.4777e-07
394.4	1.4495e-07
394.6	1.4219e-07
394.8	1.3947e-07
395.0	1.3681e-07
395.2	1.342e-07
395.4	1.3164e-07
395.6	1.2913e-07
395.8	1.2667e-07
396.0	1.2425e-07
396.2	1.2188e-07
396.4	1.1635e-07
396.6	1.1062e-07
396.8	1.0518e-07
397.0	1.0e-07
397.2	1.0e-07
397.4	1.0e-07
397.6	1.0e-07
397.8	1.0e-07
398.0	1.0e-07
398.2	1.0e-07
398.4	1.0e-07
398.6	1.0e-07
398.8	1.0e-07
399.0	1.0e-07
399.2	1.0e-07
399.4	1.0e-07
399.6	1.0e-07
399.8	1.0e-07
400.0	1.0e-07
400.2	1.0e-07
400.4	1.0e-07
400.6	1.0e-07
400.8	1.0e-07
401.0	1.0267e-07
401.2	1.0662e-07
401.4	1.1072e-07
401.6	1.1497e-07
401.8	1.1939e-07
402.0	1.2398e-07
402.2	1.2874e-07
402.4	1.3369e-07
402.6	1.3883e-07
402.8	1.4416e-07
403.0	1.497e-07
403.2	1.5545e-07
403.4	1.6143e-07
403.6	1.6763e-07
403.8	1.7407e-07
404.0	1.8076e-07
404.2	1.8771e-07
404.4	1.9492e-07
404.6	2.0028e-07
404.8	1.9287e-07
405.0	1.8573e-07
405.2	1.7885e-07
405.4	1.7223e-07
405.6	1.6585e-07
405.8	1.5971e-07
406.0	1.538e-07
406.2	1.481e-07
406.4	1.4262e-07
406.6	1.3734e-07
406.8	1.3226e-07
407.0	1.2736e-07
407.2	1.2264e-07
407.4	1.181e-07
407.6	1.1373e-07
407.8	1.0952e-07
408.0	1.0546e-07
408.2	1.0156e-07
408.4	1.0323e-07
408.6	1.0894e-07
408.8	1.1497e-07
409.0	1.2133e-07
409.2	1.2804e-07
409.4	1.3512e-07
409.6	1.426e-07
409.8	1.5048e-07
410.0	1.5881e-07
410.2	1.676e-07
410.4	1.7687e-07
410.6	1.8665e-07
410.8	1.9698e-07
411.0	2.0788e-07
411.2	2.1938e-07
411.4	2.3151e-07
411.6	2.4432e-07
411.8	2.5784e-07
412.0	2.7198e-07
412.2	2.8426e-07
412.4	2.971e-07
412.6	3.1051e-07
412.8	3.2453e-07
413.0	3.3918e-07
413.2	3.545e-07
413.4	3.705e-07
413.6	3.8723e-07
413.8	4.0472e-07
414.0	4.2299e-07
414.2	4.4209e-07
414.4	4.6205e-07
414.6	4.8291e-07
414.8	5.0472e-07
415.0	5.275e-07
415.2	5.5132e-07
415.4	5.7621e-07
415.6	6.0223e-07
415.8	5.8538e-07
416.0	5.307e-07
416.2	4.8113e-07
416.4	4.3619e-07
416.6	3.9545e-07
416.8	3.5851e-07
417.0	3.2502e-07
417.2	2.9466e-07
417.4	2.6714e-07
417.6	2.4218e-07
417.8	2.1956e-07
418.0	1.9905e-07
418.2	1.8046e-07
418.4	1.636e-07
418.6	1.4832e-07
418.8	1.3447e-07
419.0	1.2191e-07
419.2	1.1052e-07
419.4	1.002e-07
419.6	1.0129e-07
419.8	1.0263e-07
420.0	1.0399e-07
420.2	1.0536e-07
420.4	1.0676e-07
420.6	1.0817e-07
420.8	1.096e-07
421.0	1.1104e-07
421.2	1.1251e-07
421.4	1.14e-07
421.6	1.155e-07
421.8	1.1703e-07
422.0	1.1858e-07
422.2	1.2014e-07
422.4	1.2173e-07
422.6	1.2334e-07
422.8	1.2497e-07
423.0	1.2662e-07
423.2	1.2436e-07
423.4	1.1777e-07
423.6	1.1152e-07
423.8	1.056e-07
424.0	1.0e-07
424.2	1.0e-07
424.4	1.0e-07
424.6	1.0e-07
424.8	1.0e-07
425.0	1.0e-07
425.2	1.0e-07
425.4	1.0e-07
425.6	1.0e-07
425.8	1.0e-07
426.0	1.0e-07
426.2	1.0e-07
426.4	1.0e-07
426.6	1.0e-07
426.8	1.0e-07
427.0	1.0e-07
427.2	1.0e-07
427.4	1.0e-07
427.6	1.0e-07
427.8	1.0e-07
428.0	1.0e-07
428.2	1.0e-07
428.4	1.0e-07
428.6	1.0e-07
428.8	1.0e-07
429.0	1.0e-07
429.2	1.0e-07
429.4	1.0e-07
429.6	1.0e-07
429.8	1.0e-07
430.0	1.0e-07
430.2	1.0e-07
430.4	1.0e-07
430.6	1.0e-07
430.8	1.0e-07
431.0	1.0e-07
431.2	1.0e-07
431.4	1.0e-07
431.6	1.0e-07
431.8	1.0e-07
432.0	1.0e-07
432.2	1.0e-07
432.4	1.0e-07
432.6	1.0e-07
432.8	1.0e-07
433.0	1.0e-07
433.2	1.0e-07
433.4	1.0e-07
433.6	1.0e-07
433.8	1.0e-07
434.0	1.0e-07
434.2	1.0e-07
434.4	1.0e-07
434.6	1.0e-07
434.8	1.0e-07
435.0	1.0e-07
435.2	1.0e-07
435.4	1.0e-07
435.6	1.0e-07
435.8	1.0e-07
436.0	1.0e-07
436.2	1.0e-07
436.4	1.0e-07
436.6	1.0e-07
436.8	1.0e-07
437.0	1.0e-07
437.2	1.0e-07
437.4	1.0e-07
437.6	1.0e-07
437.8	1.0e-07
438.0	1.0e-07
438.2	1.0e-07
438.4	1.0e-07
438.6	1.0e-07
438.8	1.0e-07
439.0	1.0e-07
439.2	1.0e-07
439.4	1.0e-07
439.6	1.0e-07
439.8	1.0e-07
440.0	1.0e-07
440.2	1.0e-07
440.4	1.0e-07
440.6	1.0e-07
440.8	1.0e-07
441.0	1.0e-07
441.2	1.0e-07
441.4	1.0e-07
441.6	1.0e-07
441.8	1.0e-07
442.0	1.0e-07
442.2	1.0e-07
442.4	1.0e-07
442.6	1.0e-07
442.8	1.0e-07
443.0	1.0e-07
443.2	1.0e-07
443.4	1.0e-07
443.6	1.0e-07
443.8	1.0e-07
444.0	1.0e-07
444.2	1.0e-07
444.4	1.0e-07
444.6	1.0e-07
444.8	1.0e-07
445.0	1.0e-07
445.2	1.0e-07
445.4	1.0e-07
445.6	1.0e-07
445.8	1.0e-07
446.0	1.0e-07
446.2	1.0e-07
446.4	1.0e-07
446.6	1.0e-07
446.8	1.0e-07
447.0	1.0e-07
447.2	1.0e-07
447.4	1.0e-07
447.6	1.0e-07
447.8	1.0e-07
448.0	1.0e-07
448.2	1.0e-07
448.4	1.0e-07
448.6	1.0e-07
448.8	1.0e-07
449.0	1.0e-07
449.2	1.0e-07
449.4	1.0e-07
449.6	1.0e-07
449.8	1.0e-07
450.0	1.0e-07
450.2	1.0e-07
450.4	1.0e-07
450.6	1.0e-07
450.8	1.0e-07
451.0	1.0e-07
451.2	1.0e-07
451.4	1.0e-07
451.6	1.0e-07
451.8	1.0e-07
452.0	1.0e-07
452.2	1.0e-07
452.4	1.0e-07
452.6	1.0e-07
452.8	1.0e-07
453.0	1.0e-07
453.2	1.0e-07
453.4	1.0e-07
453.6	1.0e-07
453.8	1.0e-07
454.0	1.0e-07
454.2	1.0e-07
454.4	1.0e-07
454.6	1.0e-07
454.8	1.0e-07
455.0	1.0e-07
455.2	1.0e-07
455.4	1.0e-07
455.6	1.0e-07
455.8	1.0e-07
456.0	1.0e-07
456.2	1.0e-07
456.4	1.0e-07
456.6	1.0e-07
456.8	1.0e-07
457.0	1.0e-07
457.2	1.0e-07
457.4	1.0e-07
457.6	1.0e-07
457.8	1.0e-07
458.0	1.0e-07
458.2	1.0e-07
458.4	1.0e-07
458.6	1.0e-07
458.8	1.0e-07
459.0	1.0e-07
459.2	1.0e-07
459.4	1.0e-07
459.6	1.0e-07
459.8	1.0e-07
460.0	1.0e-07
460.2	1.0e-07
460.4	1.0e-07
460.6	1.0e-07
460.8	1.0e-07
461.0	1.0e-07
461.2	1.0e-07
461.4	1.0e-07
461.6	1.0e-07
461.8	1.0e-07
462.0	1.0e-07
462.2	1.0e-07
462.4	1.0e-07
462.6	1.0e-07
462.8	1.0e-07
463.0	1.0e-07
463.2	1.0e-07
463.4	1.0e-07
463.6	1.0e-07
463.8	1.0e-07
464.0	1.0e-07
464.2	1.0e-07
464.4	1.0e-07
464.6	1.0e-07
464.8	1.0e-07
465.0	1.0e-07
465.2	1.0e-07
465.4	1.0e-07
465.6	1.0e-07
465.8	1.0e-07
466.0	1.0e-07
466.2	1.0e-07
466.4	1.0e-07
466.6	1.0e-07
466.8	1.0e-07
467.0	1.0e-07
467.2	1.0e-07
467.4	1.0e-07
467.6	1.0e-07
467.8	1.0e-07
468.0	1.0e-07
468.2	1.0e-07
468.4	1.0e-07
468.6	1.0e-07
468.8	1.0e-07
469.0	1.0e-07
469.2	1.0e-07
469.4	1.0e-07
469.6	1.0e-07
469.8	1.0e-07
470.0	1.0e-07
470.2	1.0e-07
470.4	1.0e-07
470.6	1.0e-07
470.8	1.0418e-07
471.0	1.1458e-07
471.2	1.2602e-07
471.4	1.3861e-07
471.6	1.5245e-07
471.8	1.6767e-07
472.0	1.8441e-07
472.2	2.0282e-07
472.4	2.2308e-07
472.6	2.4535e-07
472.8	2.6985e-07
473.0	2.968e-07
473.2	3.2643e-07
473.4	3.5903e-07
473.6	3.9488e-07
473.8	4.3431e-07
474.0	4.7768e-07
474.2	5.0436e-07
474.4	5.3253e-07
474.6	5.6227e-07
474.8	5.9368e-07
475.0	6.2683e-07
475.2	6.6184e-07
475.4	6.9881e-07
475.6	7.3784e-07
475.8	7.7905e-07
476.0	8.2257e-07
476.2	8.6851e-07
476.4	9.1702e-07
476.6	9.6824e-07
476.8	1.0223e-06
477.0	1.0612e-06
477.2	1.0615e-06
477.4	1.0617e-06
477.6	1.062e-06
477.8	1.0623e-06
478.0	1.0625e-06
478.2	1.0628e-06
478.4	1.0631e-06
478.6	1.0634e-06
478.8	1.0636e-06
479.0	1.0639e-06
479.2	1.0642e-06
479.4	1.0644e-06
479.6	1.0647e-06
479.8	1.065e-06
480.0	1.0653e-06
480.2	1.0655e-06
480.4	1.0658e-06
480.6	1.0661e-06
480.8	1.0653e-06
481.0	1.063e-06
481.2	1.0607e-06
481.4	1.0585e-06
481.6	1.0562e-06
481.8	1.054e-06
482.0	1.0517e-06
482.2	1.0495e-06
482.4	1.0472e-06
482.6	1.045e-06
482.8	1.0428e-06
483.0	1.0406e-06
483.2	1.0383e-06
483.4	1.0361e-06
483.6	1.0339e-06
483.8	1.0317e-06
484.0	1.0295e-06
484.2	1.0277e-06
484.4	1.0258e-06
484.6	1.024e-06
484.8	1.0222e-06
485.0	1.0203e-06
485.2	1.0185e-06
485.4	1.0167e-06
485.6	1.0149e-06
485.8	1.013e-06
486.0	1.0112e-06
486.2	1.0094e-06
486.4	1.0076e-06
486.6	1.0058e-06
486.8	1.004e-06
487.0	1.0042e-06
487.2	1.0094e-06
487.4	1.0146e-06
487.6	1.0198e-06
487.8	1.0251e-06
488.0	1.0304e-06
488.2	1.0357e-06
488.4	1.041e-06
488.6	1.0464e-06
488.8	1.0518e-06
489.0	1.0572e-06
489.2	1.0626e-06
489.4	1.0681e-06
489.6	1.0736e-06
489.8	1.0791e-06
490.0	1.0847e-06
490.2	1.0903e-06
490.4	1.0959e-06
490.6	1.1016e-06
490.8	1.0797e-06
491.0	1.0197e-06
491.2	9.6313e-07
491.4	9.0966e-07
491.6	8.5917e-07
491.8	8.1147e-07
492.0	7.6643e-07
492.2	7.2388e-07
492.4	6.837e-07
492.6	6.4574e-07
492.8	6.099e-07
493.0	5.7604e-07
493.2	5.4406e-07
493.4	5.1386e-07
493.6	4.8534e-07
493.8	4.584e-07
494.0	4.3295e-07
494.2	4.1192e-07
494.4	2.4169e-07
494.6	1.026e-07
494.8	1.6716e-07
495.0	2.4396e-07
495.2	2.3306e-07
495.4	1.4949e-07
495.6	2.5059e-07
495.8	2.2511e-07
496.0	1.4863e-07
496.2	1.0e-07
496.4	1.0e-07
496.6	2.6539e-07
496.8	3.5192e-07
497.0	2.011e-07
497.2	2.7669e-07
497.4	2.019e-07
497.6	1.2956e-07
497.8	1.4925e-07
498.0	1.9256e-07
498.2	2.194e-07
498.4	1.39e-07
498.6	1.3739e-07
498.8	2.3885e-07
499.0	3.1112e-07
499.2	4.0807e-07
499.4	4.527e-07
499.6	3.0792e-07
499.8	3.0578e-07
500.0	1.5578e-07
500.2	1.7736e-07
500.4	2.8809e-07
500.6	4.0362e-07
500.8	4.9121e-07
501.0	3.7128e-07
501.2	3.7197e-07
501.4	5.1261e-07
501.6	5.1151e-07
501.8	8.0772e-07
502.0	9.2472e-07
502.2	9.9058e-07
502.4	1.0884e-06
502.6	1.2456e-06
502.8	1.2941e-06
503.0	1.365e-06
503.2	1.6936e-06
503.4	1.7875e-06
503.6	2.0576e-06
503.8	2.4394e-06
504.0	2.8299e-06
504.2	3.0793e-06
504.4	3.4869e-06
504.6	4.0802e-06
504.8	5.0446e-06
505.0	5.9317e-06
505.2	6.9858e-06
505.4	8.073e-06
505.6	9.1959e-06
505.8	1.0794e-05
506.0	1.2953e-05
506.2	1.5456e-05
506.4	1.8314e-05
506.6	2.1693e-05
506.8	2.6133e-05
507.0	2.9992e-05
507.2	3.7319e-05
507.4	4.4031e-05
507.6	5.3239e-05
507.8	6.314e-05
508.0	7.4967e-05
508.2	9.29e-05
508.4	1.0879e-04
508.6	1.3495e-04
508.8	1.6367e-04
509.0	1.9791e-04
509.2	2.4056e-04
509.4	2.9282e-04
509.6	3.9087e-04
509.8	4.5808e-04
510.0	5.5897e-04
510.2	6.8506e-04
510.4	8.4231e-04
510.6	0.00103
510.8	0.00128
511.0	0.00161
511.2	0.00204
511.4	0.00252
511.6	0.00315
511.8	0.00395
512.0	0.00499
512.2	0.00638
512.4	0.00827
512.6	0.01055
512.8	0.0134
513.0	0.01722
513.2	0.02218
513.4	0.02881
513.6	0.03722
513.8	0.04825
514.0	0.06284
514.2	0.08194
514.4	0.10746
514.6	0.14073
514.8	0.18434
515.0	0.24309
515.2	0.31162
515.4	0.39246
515.6	0.48449
515.8	0.5814
516.0	0.67642
516.2	0.76024
516.4	0.82926
516.6	0.87841
516.8	0.91391
517.0	0.93399
517.2	0.94351
517.4	0.9479
517.6	0.94984
517.8	0.94611
518.0	0.94552
518.2	0.94227
518.4	0.93901
518.6	0.9397
518.8	0.9389
519.0	0.93969
519.2	0.94147
519.4	0.94123
519.6	0.94399
519.8	0.94601
520.0	0.94501
520.2	0.94631
520.4	0.9469
520.6	0.94904
520.8	0.94939
521.0	0.9499
521.2	0.94901
521.4	0.94791
521.6	0.94722
521.8	0.94739
522.0	0.94696
522.2	0.94543
522.4	0.94683
522.6	0.94676
522.8	0.94493
523.0	0.94335
523.2	0.94582
523.4	0.94567
523.6	0.94747
523.8	0.94943
524.0	0.94959
524.2	0.9492
524.4	0.95102
524.6	0.95165
524.8	0.95259
525.0	0.95259
525.2	0.95187
525.4	0.95295
525.6	0.95511
525.8	0.95622
526.0	0.95483
526.2	0.95587
526.4	0.95618
526.6	0.95503
526.8	0.95508
527.0	0.95424
527.2	0.95183
527.4	0.9527
527.6	0.95165
527.8	0.95384
528.0	0.95274
528.2	0.95155
528.4	0.95134
528.6	0.9512
528.8	0.95172
529.0	0.95199
529.2	0.95171
529.4	0.95018
529.6	0.94973
529.8	0.94983
530.0	0.9502
530.2	0.95018
530.4	0.95079
530.6	0.95316
530.8	0.95208
531.0	0.95268
531.2	0.95352
531.4	0.95245
531.6	0.95395
531.8	0.95215
532.0	0.95477
532.2	0.95686
532.4	0.95409
532.6	0.95402
532.8	0.95424
533.0	0.95404
533.2	0.95506
533.4	0.95476
533.6	0.95388
533.8	0.95404
534.0	0.95553
534.2	0.95444
534.4	0.95223
534.6	0.95266
534.8	0.95326
535.0	0.95302
535.2	0.94907
535.4	0.95202
535.6	0.94885
535.8	0.95094
536.0	0.94935
536.2	0.9494
536.4	0.94915
536.6	0.94864
536.8	0.9509
537.0	0.95035
537.2	0.94854
537.4	0.94842
537.6	0.94777
537.8	0.94873
538.0	0.94898
538.2	0.95024
538.4	0.94917
538.6	0.95009
538.8	0.95069
539.0	0.95026
539.2	0.95278
539.4	0.95225
539.6	0.95311
539.8	0.95354
540.0	0.95116
540.2	0.95322
540.4	0.95265
540.6	0.95397
540.8	0.9549
541.0	0.95583
541.2	0.95347
541.4	0.95664
541.6	0.95396
541.8	0.95324
542.0	0.95414
542.2	0.95488
542.4	0.95434
542.6	0.95664
542.8	0.95448
543.0	0.95466
543.2	0.95492
543.4	0.95504
543.6	0.9537
543.8	0.95546
544.0	0.95283
544.2	0.95399
544.4	0.95304
544.6	0.95179
544.8	0.9533
545.0	0.95241
545.2	0.95216
545.4	0.95171
545.6	0.95121
545.8	0.9515
546.0	0.95252
546.2	0.95095
546.4	0.95241
546.6	0.95036
546.8	0.9515
547.0	0.95318
547.2	0.95177
547.4	0.95096
547.6	0.95257
547.8	0.95139
548.0	0.95271
548.2	0.951
548.4	0.9513
548.6	0.95204
548.8	0.94938
549.0	0.95277
549.2	0.95171
549.4	0.95372
549.6	0.95244
549.8	0.95175
550.0	0.95065
550.2	0.9511
550.4	0.95236
550.6	0.95188
550.8	0.95171
551.0	0.95247
551.2	0.95121
551.4	0.95202
551.6	0.95172
551.8	0.95186
552.0	0.95235
552.2	0.95163
552.4	0.95241
552.6	0.95141
552.8	0.95126
553.0	0.951
553.2	0.94865
553.4	0.95157
553.6	0.95081
553.8	0.95206
554.0	0.94999
554.2	0.95092
554.4	0.95144
554.6	0.94947
554.8	0.94913
555.0	0.95104
555.2	0.95146
555.4	0.94983
555.6	0.95183
555.8	0.95069
556.0	0.95059
556.2	0.952
556.4	0.95153
556.6	0.95218
556.8	0.95254
557.0	0.95241
557.2	0.9519
557.4	0.95398
557.6	0.95277
557.8	0.95462
558.0	0.95577
558.2	0.95371
558.4	0.9524
558.6	0.95362
558.8	0.95551
559.0	0.95464
559.2	0.95699
559.4	0.95819
559.6	0.95673
559.8	0.95446
560.0	0.95681
560.2	0.95728
560.4	0.95781
560.6	0.9562
560.8	0.95608
561.0	0.95511
561.2	0.95667
561.4	0.95586
561.6	0.95564
561.8	0.95522
562.0	0.95659
562.2	0.95738
562.4	0.95549
562.6	0.95417
562.8	0.9543
563.0	0.95633
563.2	0.95709
563.4	0.95458
563.6	0.95419
563.8	0.95197
564.0	0.95334
564.2	0.95195
564.4	0.95269
564.6	0.95324
564.8	0.95199
565.0	0.95379
565.2	0.95347
565.4	0.95186
565.6	0.95185
565.8	0.95126
566.0	0.95252
566.2	0.9505
566.4	0.95099
566.6	0.95142
566.8	0.95254
567.0	0.95192
567.2	0.95054
567.4	0.95187
567.6	0.94995
567.8	0.95249
568.0	0.95269
568.2	0.95188
568.4	0.95339
568.6	0.95428
568.8	0.95273
569.0	0.95209
569.2	0.95287
569.4	0.95301
569.6	0.95312
569.8	0.9552
570.0	0.95443
570.2	0.95199
570.4	0.95346
570.6	0.9529
570.8	0.95338
571.0	0.95432
571.2	0.95459
571.4	0.95644
571.6	0.95675
571.8	0.9559
572.0	0.9552
572.2	0.95394
572.4	0.95456
572.6	0.95516
572.8	0.95641
573.0	0.95556
573.2	0.95421
573.4	0.95559
573.6	0.95662
573.8	0.95517
574.0	0.95459
574.2	0.95577
574.4	0.95407
574.6	0.95524
574.8	0.95519
575.0	0.95382
575.2	0.95366
575.4	0.95363
575.6	0.95345
575.8	0.95253
576.0	0.95186
576.2	0.95578
576.4	0.95413
576.6	0.95217
576.8	0.95296
577.0	0.9522
577.2	0.95202
577.4	0.95245
577.6	0.95343
577.8	0.95092
578.0	0.95252
578.2	0.95061
578.4	0.95201
578.6	0.95179
578.8	0.95059
579.0	0.95115
579.2	0.95173
579.4	0.95158
579.6	0.95015
579.8	0.95202
580.0	0.95087
580.2	0.95178
580.4	0.95202
580.6	0.9513
580.8	0.94918
581.0	0.95111
581.2	0.95127
581.4	0.95176
581.6	0.95029
581.8	0.94816
582.0	0.95124
582.2	0.95263
582.4	0.95177
582.6	0.95183
582.8	0.95112
583.0	0.95307
583.2	0.95355
583.4	0.95287
583.6	0.9527
583.8	0.95191
584.0	0.95199
584.2	0.95253
584.4	0.95218
584.6	0.95326
584.8	0.95152
585.0	0.95238
585.2	0.95069
585.4	0.95336
585.6	0.95109
585.8	0.95137
586.0	0.95135
586.2	0.95107
586.4	0.95193
586.6	0.95076
586.8	0.95062
587.0	0.95069
587.2	0.95026
587.4	0.95104
587.6	0.94991
587.8	0.95069
588.0	0.95057
588.2	0.95091
588.4	0.94992
588.6	0.94959
588.8	0.94876
589.0	0.95032
589.2	0.9481
589.4	0.94913
589.6	0.94894
589.8	0.95122
590.0	0.95047
590.2	0.94868
590.4	0.94876
590.6	0.94757
590.8	0.94809
591.0	0.94965
591.2	0.95032
591.4	0.94899
591.6	0.94624
591.8	0.94966
592.0	0.94923
592.2	0.9481
592.4	0.94804
592.6	0.94709
592.8	0.94914
593.0	0.94805
593.2	0.95025
593.4	0.9487
593.6	0.94867
593.8	0.94891
594.0	0.9508
594.2	0.94943
594.4	0.95038
594.6	0.95126
594.8	0.95144
595.0	0.95233
595.2	0.95111
595.4	0.9519
595.6	0.95054
595.8	0.94994
596.0	0.9494
596.2	0.94846
596.4	0.9512
596.6	0.95088
596.8	0.94856
597.0	0.95105
597.2	0.94857
597.4	0.95113
597.6	0.95116
597.8	0.95121
598.0	0.95127
598.2	0.9503
598.4	0.94905
598.6	0.94918
598.8	0.94892
599.0	0.94923
599.2	0.94921
599.4	0.94753
599.6	0.94869
599.8	0.94807
600.0	0.9474
600.2	0.94702
600.4	0.94742
600.6	0.94514
600.8	0.94588
601.0	0.94557
601.2	0.94631
601.4	0.9461
601.6	0.94537
601.8	0.94719
602.0	0.94426
602.2	0.94608
602.4	0.94482
602.6	0.94453
602.8	0.94654
603.0	0.94345
603.2	0.94439
603.4	0.94541
603.6	0.9443
603.8	0.94372
604.0	0.9446
604.2	0.94476
604.4	0.94472
604.6	0.94501
604.8	0.94413
605.0	0.94442
605.2	0.94663
605.4	0.94719
605.6	0.94591
605.8	0.94664
606.0	0.94789
606.2	0.94725
606.4	0.94697
606.6	0.94684
606.8	0.94588
607.0	0.94478
607.2	0.94483
607.4	0.94857
607.6	0.94835
607.8	0.94994
608.0	0.94908
608.2	0.95106
608.4	0.94891
608.6	0.95058
608.8	0.95186
609.0	0.95144
609.2	0.95261
609.4	0.95284
609.6	0.95117
609.8	0.95215
610.0	0.95487
610.2	0.95419
610.4	0.95518
610.6	0.95216
610.8	0.95453
611.0	0.95471
611.2	0.95671
611.4	0.95822
611.6	0.95726
611.8	0.95725
612.0	0.95695
612.2	0.95546
612.4	0.95598
612.6	0.95714
612.8	0.95897
613.0	0.95649
613.2	0.95689
613.4	0.95878
613.6	0.95713
613.8	0.95827
614.0	0.95831
614.2	0.95707
614.4	0.95796
614.6	0.95853
614.8	0.95611
615.0	0.95851
615.2	0.95496
615.4	0.95893
615.6	0.95673
615.8	0.95686
616.0	0.9549
616.2	0.95537
616.4	0.95567
616.6	0.95591
616.8	0.95419
617.0	0.95476
617.2	0.95336
617.4	0.95443
617.6	0.95312
617.8	0.95386
618.0	0.95349
618.2	0.95485
618.4	0.95289
618.6	0.95123
618.8	0.95452
619.0	0.95438
619.2	0.95212
619.4	0.95169
619.6	0.95159
619.8	0.95114
620.0	0.95079
620.2	0.94908
620.4	0.95319
620.6	0.95336
620.8	0.95314
621.0	0.95171
621.2	0.95015
621.4	0.95223
621.6	0.95416
621.8	0.95354
622.0	0.95151
622.2	0.95346
622.4	0.95199
622.6	0.95361
622.8	0.95405
623.0	0.95258
623.2	0.95314
623.4	0.95061
623.6	0.94974
623.8	0.95215
624.0	0.95142
624.2	0.95624
624.4	0.95423
624.6	0.95384
624.8	0.95253
625.0	0.95388
625.2	0.95285
625.4	0.95284
625.6	0.95475
625.8	0.95481
626.0	0.95278
626.2	0.95279
626.4	0.95609
626.6	0.95392
626.8	0.95514
627.0	0.95659
627.2	0.9577
627.4	0.9555
627.6	0.95647
627.8	0.95233
628.0	0.95741
628.2	0.95487
628.4	0.95642
628.6	0.95651
628.8	0.95717
629.0	0.95482
629.2	0.95606
629.4	0.95383
629.6	0.95468
629.8	0.95617
630.0	0.95623
630.2	0.95519
630.4	0.95587
630.6	0.95556
630.8	0.95575
631.0	0.95788
631.2	0.95546
631.4	0.95456
631.6	0.95439
631.8	0.95153
632.0	0.95296
632.2	0.9518
632.4	0.95186
632.6	0.95272
632.8	0.95019
633.0	0.95212
633.2	0.95118
633.4	0.95064
633.6	0.95144
633.8	0.95418
634.0	0.95358
634.2	0.95303
634.4	0.94844
634.6	0.95225
634.8	0.94998
635.0	0.95032
635.2	0.95159
635.4	0.94897
635.6	0.95065
635.8	0.9478
636.0	0.95154
636.2	0.95044
636.4	0.94889
636.6	0.94964
636.8	0.95142
637.0	0.95267
637.2	0.95178
637.4	0.95185
637.6	0.95238
637.8	0.95238
638.0	0.95084
638.2	0.94886
638.4	0.95237
638.6	0.95124
638.8	0.94926
639.0	0.95113
639.2	0.95087
639.4	0.9511
639.6	0.95184
639.8	0.9502
640.0	0.95157
640.2	0.95175
640.4	0.95308
640.6	0.94989
640.8	0.95341
641.0	0.95464
641.2	0.95151
641.4	0.95269
641.6	0.95437
641.8	0.95261
642.0	0.9552
642.2	0.9556
642.4	0.9571
642.6	0.9574
642.8	0.95477
643.0	0.95456
643.2	0.95481
643.4	0.95552
643.6	0.9536
643.8	0.9543
644.0	0.95389
644.2	0.95359
644.4	0.95746
644.6	0.95419
644.8	0.95643
645.0	0.95743
645.2	0.95683
645.4	0.95374
645.6	0.95529
645.8	0.95838
646.0	0.95607
646.2	0.95545
646.4	0.95511
646.6	0.95745
646.8	0.95693
647.0	0.95492
647.2	0.95388
647.4	0.9553
647.6	0.95369
647.8	0.95397
648.0	0.95182
648.2	0.95201
648.4	0.9525
648.6	0.95369
648.8	0.95265
649.0	0.95245
649.2	0.951
649.4	0.95333
649.6	0.95328
649.8	0.95199
650.0	0.95147
650.2	0.9518
650.4	0.95159
650.6	0.95318
650.8	0.95162
651.0	0.9515
651.2	0.95121
651.4	0.95093
651.6	0.94996
651.8	0.95027
652.0	0.94803
652.2	0.94894
652.4	0.9495
652.6	0.94925
652.8	0.94928
653.0	0.94764
653.2	0.94957
653.4	0.94943
653.6	0.94968
653.8	0.94817
654.0	0.9487
654.2	0.94978
654.4	0.95041
654.6	0.95254
654.8	0.95031
655.0	0.95129
655.2	0.95258
655.4	0.95281
655.6	0.9527
655.8	0.95142
656.0	0.95204
656.2	0.95492
656.4	0.95406
656.6	0.95093
656.8	0.95236
657.0	0.95433
657.2	0.95523
657.4	0.95425
657.6	0.95359
657.8	0.95467
658.0	0.95535
658.2	0.95021
658.4	0.95484
658.6	0.95633
658.8	0.95653
659.0	0.95549
659.2	0.95766
659.4	0.95878
659.6	0.95574
659.8	0.95808
660.0	0.95571
660.2	0.95348
660.4	0.9562
660.6	0.95573
660.8	0.95956
661.0	0.95656
661.2	0.96012
661.4	0.95948
661.6	0.95936
661.8	0.95822
662.0	0.95702
662.2	0.9577
662.4	0.9565
662.6	0.95669
662.8	0.95922
663.0	0.95781
663.2	0.95921
663.4	0.959
663.6	0.96154
663.8	0.95941
664.0	0.95682
664.2	0.95646
664.4	0.95868
664.6	0.95691
664.8	0.95818
665.0	0.95852
665.2	0.96053
665.4	0.9604
665.6	0.95952
665.8	0.95594
666.0	0.95425
666.2	0.95695
666.4	0.95625
666.6	0.95707
666.8	0.95699
667.0	0.95638
667.2	0.95559
667.4	0.95757
667.6	0.95637
667.8	0.95592
668.0	0.95574
668.2	0.95647
668.4	0.95616
668.6	0.95297
668.8	0.95331
669.0	0.95493
669.2	0.9538
669.4	0.95889
669.6	0.95634
669.8	0.95257
670.0	0.956
670.2	0.9547
670.4	0.95329
670.6	0.95365
670.8	0.95559
671.0	0.95385
671.2	0.94908
671.4	0.95227
671.6	0.95276
671.8	0.95452
672.0	0.95393
672.2	0.95495
672.4	0.95471
672.6	0.95006
672.8	0.95279
673.0	0.95586
673.2	0.95279
673.4	0.95202
673.6	0.95184
673.8	0.95045
674.0	0.94867
674.2	0.95034
674.4	0.94971
674.6	0.95252
674.8	0.95278
675.0	0.95264
675.2	0.95152
675.4	0.95146
675.6	0.95157
675.8	0.94995
676.0	0.94993
676.2	0.95179
676.4	0.95077
676.6	0.94927
676.8	0.95367
677.0	0.95158
677.2	0.95163
677.4	0.95403
677.6	0.95567
677.8	0.95152
678.0	0.9528
678.2	0.95336
678.4	0.95332
678.6	0.95026
678.8	0.95477
679.0	0.95482
679.2	0.95527
679.4	0.9524
679.6	0.95171
679.8	0.95138
680.0	0.95182
680.2	0.95339
680.4	0.95323
680.6	0.95114
680.8	0.95186
681.0	0.95288
681.2	0.95584
681.4	0.95624
681.6	0.95538
681.8	0.9532
682.0	0.95254
682.2	0.94903
682.4	0.95124
682.6	0.95509
682.8	0.9504
683.0	0.95315
683.2	0.95359
683.4	0.95299
683.6	0.95018
683.8	0.95161
684.0	0.95112
684.2	0.94931
684.4	0.95272
684.6	0.95272
684.8	0.95317
685.0	0.95342
685.2	0.95108
685.4	0.95312
685.6	0.95181
685.8	0.95449
686.0	0.95504
686.2	0.95295
686.4	0.95302
686.6	0.95161
686.8	0.95234
687.0	0.95136
687.2	0.9538
687.4	0.95228
687.6	0.95219
687.8	0.95295
688.0	0.95021
688.2	0.94961
688.4	0.94999
688.6	0.95016
688.8	0.94766
689.0	0.95024
689.2	0.9529
689.4	0.94742
689.6	0.9475
689.8	0.95192
690.0	0.94902
690.2	0.94892
690.4	0.95048
690.6	0.95151
690.8	0.95195
691.0	0.94816
691.2	0.9516
691.4	0.94891
691.6	0.9489
691.8	0.95058
692.0	0.94805
692.2	0.9499
692.4	0.94961
692.6	0.95172
692.8	0.95164
693.0	0.94851
693.2	0.95003
693.4	0.94902
693.6	0.95047
693.8	0.95344
694.0	0.95286
694.2	0.94727
694.4	0.9484
694.6	0.95515
694.8	0.95084
695.0	0.95087
695.2	0.95226
695.4	0.95309
695.6	0.95355
695.8	0.95268
696.0	0.94943
696.2	0.95024
696.4	0.95579
696.6	0.95341
696.8	0.95375
697.0	0.95385
697.2	0.95229
697.4	0.95121
697.6	0.95213
697.8	0.9508
698.0	0.95177
698.2	0.9508
698.4	0.95338
698.6	0.94922
698.8	0.95329
699.0	0.95211
699.2	0.95374
699.4	0.954
699.6	0.95557
699.8	0.95285
700.0	0.95312
700.2	0.95265
700.4	0.95102
700.6	0.95274
700.8	0.95351
701.0	0.95292
701.2	0.95292
701.4	0.95337
701.6	0.95288
701.8	0.95552
702.0	0.95073
702.2	0.95122
702.4	0.95007
702.6	0.94885
702.8	0.95137
703.0	0.95187
703.2	0.95048
703.4	0.95005
703.6	0.94853
703.8	0.95114
704.0	0.95232
704.2	0.95255
704.4	0.95039
704.6	0.94997
704.8	0.95089
705.0	0.95315
705.2	0.94927
705.4	0.948
705.6	0.94917
705.8	0.95005
706.0	0.95015
706.2	0.95092
706.4	0.94887
706.6	0.94729
706.8	0.94856
707.0	0.95043
707.2	0.94636
707.4	0.94634
707.6	0.94843
707.8	0.94847
708.0	0.94687
708.2	0.94889
708.4	0.94773
708.6	0.94434
708.8	0.94761
709.0	0.94878
709.2	0.94773
709.4	0.947
709.6	0.94334
709.8	0.94776
710.0	0.95154
