265.0	1.0e-07
265.2	1.0e-07
265.4	1.0e-07
265.6	1.0e-07
265.8	1.0e-07
266.0	1.0e-07
266.2	1.0e-07
266.4	1.0e-07
266.6	1.0e-07
266.8	1.0e-07
267.0	1.0e-07
267.2	1.0e-07
267.4	1.0e-07
267.6	1.0e-07
267.8	1.0e-07
268.0	1.0e-07
268.2	1.0e-07
268.4	1.0e-07
268.6	1.0e-07
268.8	1.0e-07
269.0	1.0e-07
269.2	1.0e-07
269.4	1.0e-07
269.6	1.0e-07
269.8	1.0e-07
270.0	1.0e-07
270.2	1.0e-07
270.4	1.0e-07
270.6	1.0e-07
270.8	1.0e-07
271.0	1.0e-07
271.2	1.0e-07
271.4	1.0e-07
271.6	1.0e-07
271.8	1.0e-07
272.0	1.0e-07
272.2	1.0e-07
272.4	1.0e-07
272.6	1.0e-07
272.8	1.0e-07
273.0	1.0e-07
273.2	1.0e-07
273.4	1.0e-07
273.6	1.0e-07
273.8	1.0e-07
274.0	1.0e-07
274.2	1.0e-07
274.4	1.0e-07
274.6	1.0e-07
274.8	1.0e-07
275.0	1.0e-07
275.2	1.0e-07
275.4	1.0e-07
275.6	1.0e-07
275.8	1.0e-07
276.0	1.0e-07
276.2	1.0e-07
276.4	1.0e-07
276.6	1.0e-07
276.8	1.0e-07
277.0	1.0e-07
277.2	1.0e-07
277.4	1.0e-07
277.6	1.0e-07
277.8	1.0e-07
278.0	1.0e-07
278.2	1.0e-07
278.4	1.0e-07
278.6	1.0e-07
278.8	1.0e-07
279.0	1.0e-07
279.2	1.0e-07
279.4	1.0e-07
279.6	1.0e-07
279.8	1.0e-07
280.0	1.0e-07
280.2	1.0e-07
280.4	1.0e-07
280.6	1.0e-07
280.8	1.0e-07
281.0	1.0e-07
281.2	1.0e-07
281.4	1.0e-07
281.6	1.0e-07
281.8	1.0e-07
282.0	1.0e-07
282.2	1.0e-07
282.4	1.0e-07
282.6	1.0e-07
282.8	1.0e-07
283.0	1.0e-07
283.2	1.0e-07
283.4	1.0e-07
283.6	1.0e-07
283.8	1.0e-07
284.0	1.0e-07
284.2	1.0e-07
284.4	1.0e-07
284.6	1.0e-07
284.8	1.0e-07
285.0	1.0e-07
285.2	1.0e-07
285.4	1.0e-07
285.6	1.0e-07
285.8	1.0e-07
286.0	1.0e-07
286.2	1.0e-07
286.4	1.0e-07
286.6	1.0e-07
286.8	1.0e-07
287.0	1.0e-07
287.2	1.0e-07
287.4	1.0e-07
287.6	1.0e-07
287.8	1.0e-07
288.0	1.0e-07
288.2	1.0e-07
288.4	1.0e-07
288.6	1.0e-07
288.8	1.0e-07
289.0	1.0e-07
289.2	1.0e-07
289.4	1.0e-07
289.6	1.0e-07
289.8	1.0e-07
290.0	1.0e-07
290.2	1.0e-07
290.4	1.0e-07
290.6	1.0e-07
290.8	1.0e-07
291.0	1.0e-07
291.2	1.0e-07
291.4	1.0e-07
291.6	1.0e-07
291.8	1.0e-07
292.0	1.0e-07
292.2	1.0e-07
292.4	1.0e-07
292.6	1.0e-07
292.8	1.0e-07
293.0	1.0e-07
293.2	1.0e-07
293.4	1.0e-07
293.6	1.0e-07
293.8	1.0e-07
294.0	1.0e-07
294.2	1.0e-07
294.4	1.0e-07
294.6	1.0e-07
294.8	1.0e-07
295.0	1.0e-07
295.2	1.0e-07
295.4	1.0e-07
295.6	1.0e-07
295.8	1.0e-07
296.0	1.0e-07
296.2	1.0e-07
296.4	1.0e-07
296.6	1.0e-07
296.8	1.0e-07
297.0	1.0e-07
297.2	1.0e-07
297.4	1.0e-07
297.6	1.0e-07
297.8	1.0e-07
298.0	1.0e-07
298.2	1.0e-07
298.4	1.0e-07
298.6	1.0e-07
298.8	1.0e-07
299.0	1.0e-07
299.2	1.0e-07
299.4	1.0e-07
299.6	1.0e-07
299.8	1.0e-07
300.0	1.0e-07
300.2	1.0e-07
300.4	1.0e-07
300.6	1.0e-07
300.8	1.0e-07
301.0	1.0e-07
301.2	1.0e-07
301.4	1.0e-07
301.6	1.0e-07
301.8	1.0e-07
302.0	1.0e-07
302.2	1.0e-07
302.4	1.0e-07
302.6	1.0e-07
302.8	1.0e-07
303.0	1.0e-07
303.2	1.0e-07
303.4	1.0e-07
303.6	1.0e-07
303.8	1.0e-07
304.0	1.0e-07
304.2	1.0e-07
304.4	1.0e-07
304.6	1.0e-07
304.8	1.0e-07
305.0	1.0e-07
305.2	1.0e-07
305.4	1.0e-07
305.6	1.0e-07
305.8	1.0e-07
306.0	1.0e-07
306.2	1.0e-07
306.4	1.0e-07
306.6	1.0e-07
306.8	1.0e-07
307.0	1.0e-07
307.2	1.0e-07
307.4	1.0e-07
307.6	1.0e-07
307.8	1.0e-07
308.0	1.0e-07
308.2	1.0e-07
308.4	1.0e-07
308.6	1.0e-07
308.8	1.0e-07
309.0	1.0e-07
309.2	1.0e-07
309.4	1.0e-07
309.6	1.0e-07
309.8	1.0e-07
310.0	1.0e-07
310.2	1.0e-07
310.4	1.0e-07
310.6	1.0e-07
310.8	1.0e-07
311.0	1.0e-07
311.2	1.0e-07
311.4	1.0e-07
311.6	1.0e-07
311.8	1.0e-07
312.0	1.0e-07
312.2	1.0e-07
312.4	1.0e-07
312.6	1.0e-07
312.8	1.0e-07
313.0	1.0e-07
313.2	1.0e-07
313.4	1.0e-07
313.6	1.0e-07
313.8	1.0e-07
314.0	1.0e-07
314.2	1.0e-07
314.4	1.0e-07
314.6	1.0e-07
314.8	1.0e-07
315.0	1.0e-07
315.2	1.0e-07
315.4	1.0e-07
315.6	1.0e-07
315.8	1.0e-07
316.0	1.0e-07
316.2	1.0e-07
316.4	1.0e-07
316.6	1.0e-07
316.8	1.0e-07
317.0	1.0e-07
317.2	1.0e-07
317.4	1.0e-07
317.6	1.0e-07
317.8	1.0e-07
318.0	1.0e-07
318.2	1.0e-07
318.4	1.0e-07
318.6	1.0e-07
318.8	1.0e-07
319.0	1.0e-07
319.2	1.0e-07
319.4	1.0e-07
319.6	1.0e-07
319.8	1.0e-07
320.0	1.0e-07
320.2	1.0e-07
320.4	1.0e-07
320.6	1.0e-07
320.8	1.0e-07
321.0	1.0e-07
321.2	1.0e-07
321.4	1.0e-07
321.6	1.0e-07
321.8	1.0e-07
322.0	1.0e-07
322.2	1.0e-07
322.4	1.0e-07
322.6	1.0e-07
322.8	1.0e-07
323.0	1.0e-07
323.2	1.0e-07
323.4	1.0e-07
323.6	1.0e-07
323.8	1.0e-07
324.0	1.0e-07
324.2	1.0e-07
324.4	1.0e-07
324.6	1.0e-07
324.8	1.0e-07
325.0	1.0e-07
325.2	1.0051e-07
325.4	1.0156e-07
325.6	1.0262e-07
325.8	1.0369e-07
326.0	1.0478e-07
326.2	1.0587e-07
326.4	1.0698e-07
326.6	1.081e-07
326.8	1.0923e-07
327.0	1.1037e-07
327.2	1.1153e-07
327.4	1.1269e-07
327.6	1.1387e-07
327.8	1.1506e-07
328.0	1.1626e-07
328.2	1.1748e-07
328.4	1.1871e-07
328.6	1.1995e-07
328.8	1.2121e-07
329.0	1.2247e-07
329.2	1.2375e-07
329.4	1.2505e-07
329.6	1.2636e-07
329.8	1.3071e-07
330.0	1.4663e-07
330.2	1.6448e-07
330.4	1.845e-07
330.6	2.0696e-07
330.8	2.3215e-07
331.0	2.6041e-07
331.2	2.9212e-07
331.4	3.2768e-07
331.6	3.6757e-07
331.8	4.1231e-07
332.0	4.6251e-07
332.2	5.1881e-07
332.4	5.8197e-07
332.6	6.5281e-07
332.8	7.3228e-07
333.0	8.2143e-07
333.2	9.2142e-07
333.4	1.0336e-06
333.6	1.1594e-06
333.8	1.3006e-06
334.0	1.4589e-06
334.2	1.6365e-06
334.4	1.8357e-06
334.6	2.0592e-06
334.8	2.2297e-06
335.0	2.3255e-06
335.2	2.4254e-06
335.4	2.5296e-06
335.6	2.6383e-06
335.8	2.7517e-06
336.0	2.8699e-06
336.2	2.9932e-06
336.4	3.1218e-06
336.6	3.256e-06
336.8	3.3958e-06
337.0	3.5277e-06
337.2	3.6176e-06
337.4	3.7097e-06
337.6	3.8042e-06
337.8	3.9011e-06
338.0	4.0004e-06
338.2	4.1023e-06
338.4	4.2068e-06
338.6	4.314e-06
338.8	4.4239e-06
339.0	4.5365e-06
339.2	4.6521e-06
339.4	4.7706e-06
339.6	4.8921e-06
339.8	5.0167e-06
340.0	5.1445e-06
340.2	5.2755e-06
340.4	5.4099e-06
340.6	5.5477e-06
340.8	5.689e-06
341.0	5.8339e-06
341.2	5.9824e-06
341.4	6.1348e-06
341.6	6.2911e-06
341.8	6.4247e-06
342.0	6.5601e-06
342.2	6.6984e-06
342.4	6.8395e-06
342.6	6.9836e-06
342.8	7.1308e-06
343.0	7.281e-06
343.2	7.4345e-06
343.4	7.5911e-06
343.6	7.7511e-06
343.8	7.9144e-06
344.0	8.0812e-06
344.2	8.2514e-06
344.4	8.4253e-06
344.6	8.6028e-06
344.8	8.7841e-06
345.0	8.9692e-06
345.2	9.1582e-06
345.4	9.3512e-06
345.6	9.5482e-06
345.8	9.7494e-06
346.0	9.9549e-06
346.2	1.0165e-05
346.4	1.0313e-05
346.6	1.0436e-05
346.8	1.056e-05
347.0	1.0685e-05
347.2	1.0812e-05
347.4	1.094e-05
347.6	1.107e-05
347.8	1.1201e-05
348.0	1.1334e-05
348.2	1.1469e-05
348.4	1.1605e-05
348.6	1.1743e-05
348.8	1.1882e-05
349.0	1.2023e-05
349.2	1.2166e-05
349.4	1.231e-05
349.6	1.2456e-05
349.8	1.2604e-05
350.0	1.2754e-05
350.2	1.2905e-05
350.4	1.3058e-05
350.6	1.3213e-05
350.8	1.337e-05
351.0	1.3207e-05
351.2	1.2666e-05
351.4	1.2148e-05
351.6	1.165e-05
351.8	1.1173e-05
352.0	1.0716e-05
352.2	1.0277e-05
352.4	9.8566e-06
352.6	9.4531e-06
352.8	9.0662e-06
353.0	8.695e-06
353.2	8.3391e-06
353.4	7.9977e-06
353.6	7.6704e-06
353.8	7.3564e-06
354.0	7.0552e-06
354.2	6.7664e-06
354.4	6.4894e-06
354.6	6.2238e-06
354.8	5.969e-06
355.0	5.7247e-06
355.2	5.4903e-06
355.4	5.2656e-06
355.6	5.076e-06
355.8	4.9884e-06
356.0	4.9023e-06
356.2	4.8177e-06
356.4	4.7346e-06
356.6	4.6529e-06
356.8	4.5726e-06
357.0	4.4937e-06
357.2	4.4162e-06
357.4	4.34e-06
357.6	4.2651e-06
357.8	4.1915e-06
358.0	4.1191e-06
358.2	4.0481e-06
358.4	3.9782e-06
358.6	3.9096e-06
358.8	3.8421e-06
359.0	3.7758e-06
359.2	3.7107e-06
359.4	3.6466e-06
359.6	3.5837e-06
359.8	3.5219e-06
360.0	3.4611e-06
360.2	3.4014e-06
360.4	3.5158e-06
360.6	3.6359e-06
360.8	3.7601e-06
361.0	3.8886e-06
361.2	4.0215e-06
361.4	4.1589e-06
361.6	4.301e-06
361.8	4.4479e-06
362.0	4.5999e-06
362.2	4.757e-06
362.4	4.9196e-06
362.6	5.0876e-06
362.8	5.2615e-06
363.0	5.4412e-06
363.2	5.6271e-06
363.4	5.8194e-06
363.6	6.0182e-06
363.8	6.2238e-06
364.0	6.4365e-06
364.2	6.6564e-06
364.4	6.8838e-06
364.6	7.119e-06
364.8	7.3622e-06
365.0	7.5314e-06
365.2	7.5746e-06
365.4	7.6179e-06
365.6	7.6615e-06
365.8	7.7054e-06
366.0	7.7495e-06
366.2	7.7939e-06
366.4	7.8385e-06
366.6	7.8834e-06
366.8	7.9285e-06
367.0	7.9739e-06
367.2	8.0196e-06
367.4	8.0655e-06
367.6	8.1117e-06
367.8	8.1581e-06
368.0	8.2048e-06
368.2	8.2518e-06
368.4	8.2251e-06
368.6	8.0292e-06
368.8	7.8379e-06
369.0	7.6512e-06
369.2	7.469e-06
369.4	7.2911e-06
369.6	7.1174e-06
369.8	6.9478e-06
370.0	6.7823e-06
370.2	6.6208e-06
370.4	6.463e-06
370.6	6.3091e-06
370.8	6.1588e-06
371.0	6.0121e-06
371.2	5.8689e-06
371.4	5.7291e-06
371.6	5.5926e-06
371.8	5.4594e-06
372.0	5.3293e-06
372.2	5.2024e-06
372.4	5.0784e-06
372.6	4.9575e-06
372.8	4.8394e-06
373.0	4.7306e-06
373.2	4.7799e-06
373.4	4.8296e-06
373.6	4.8799e-06
373.8	4.9307e-06
374.0	4.982e-06
374.2	5.0339e-06
374.4	5.0863e-06
374.6	5.1392e-06
374.8	5.1927e-06
375.0	5.2468e-06
375.2	5.3014e-06
375.4	5.3566e-06
375.6	5.4123e-06
375.8	5.4686e-06
376.0	5.5256e-06
376.2	5.5831e-06
376.4	5.6412e-06
376.6	5.6999e-06
376.8	5.7593e-06
377.0	5.8192e-06
377.2	5.8798e-06
377.4	5.941e-06
377.6	6.0028e-06
377.8	6.2082e-06
378.0	6.4593e-06
378.2	6.7206e-06
378.4	6.9924e-06
378.6	7.2752e-06
378.8	7.5695e-06
379.0	7.8756e-06
379.2	8.1942e-06
379.4	8.5256e-06
379.6	8.8704e-06
379.8	9.2292e-06
380.0	9.6025e-06
380.2	9.9908e-06
380.4	1.0395e-05
380.6	1.0815e-05
380.8	1.1253e-05
381.0	1.1708e-05
381.2	1.2181e-05
381.4	1.2674e-05
381.6	1.3187e-05
381.8	1.372e-05
382.0	1.4275e-05
382.2	1.4852e-05
382.4	1.5567e-05
382.6	1.641e-05
382.8	1.7299e-05
383.0	1.8237e-05
383.2	1.9225e-05
383.4	2.0266e-05
383.6	2.1364e-05
383.8	2.2522e-05
384.0	2.3742e-05
384.2	2.5028e-05
384.4	2.6384e-05
384.6	2.7813e-05
384.8	2.932e-05
385.0	3.0909e-05
385.2	3.2583e-05
385.4	3.4348e-05
385.6	3.6209e-05
385.8	3.8171e-05
386.0	4.0239e-05
386.2	4.2419e-05
386.4	4.4717e-05
386.6	4.714e-05
386.8	4.9693e-05
387.0	5.1505e-05
387.2	5.1656e-05
387.4	5.1807e-05
387.6	5.1958e-05
387.8	5.211e-05
388.0	5.2263e-05
388.2	5.2415e-05
388.4	5.2568e-05
388.6	5.2722e-05
388.8	5.2876e-05
389.0	5.3031e-05
389.2	5.3186e-05
389.4	5.3341e-05
389.6	5.3497e-05
389.8	5.3653e-05
390.0	5.381e-05
390.2	5.3968e-05
390.4	5.4125e-05
390.6	5.4283e-05
390.8	5.4442e-05
391.0	5.4601e-05
391.2	5.4761e-05
391.4	5.4921e-05
391.6	5.4588e-05
391.8	5.1215e-05
392.0	4.805e-05
392.2	4.5647e-05
392.4	4.3365e-05
392.6	4.1196e-05
392.8	3.9136e-05
393.0	3.7179e-05
393.2	3.532e-05
393.4	3.3554e-05
393.6	3.1876e-05
393.8	3.0282e-05
394.0	2.8414e-05
394.2	2.6571e-05
394.4	2.4847e-05
394.6	2.3235e-05
394.8	2.1728e-05
395.0	2.0319e-05
395.2	1.9e-05
395.4	1.7768e-05
395.6	1.6615e-05
395.8	1.5537e-05
396.0	1.4529e-05
396.2	1.3587e-05
396.4	1.2706e-05
396.6	1.1881e-05
396.8	1.1111e-05
397.0	1.039e-05
397.2	9.7158e-06
397.4	9.0855e-06
397.6	8.5729e-06
397.8	8.3591e-06
398.0	8.1507e-06
398.2	7.9475e-06
398.4	7.7493e-06
398.6	7.5561e-06
398.8	7.3677e-06
399.0	7.184e-06
399.2	7.0049e-06
399.4	6.8302e-06
399.6	6.6599e-06
399.8	6.4939e-06
400.0	6.332e-06
400.2	6.1741e-06
400.4	6.0201e-06
400.6	5.87e-06
400.8	5.7237e-06
401.0	5.581e-06
401.2	5.4418e-06
401.4	5.3341e-06
401.6	5.2431e-06
401.8	5.1537e-06
402.0	5.0657e-06
402.2	4.9793e-06
402.4	4.8943e-06
402.6	4.8108e-06
402.8	4.7287e-06
403.0	4.6481e-06
403.2	4.5687e-06
403.4	4.4908e-06
403.6	4.4142e-06
403.8	4.3389e-06
404.0	4.2648e-06
404.2	4.1921e-06
404.4	4.1205e-06
404.6	4.0502e-06
404.8	3.9811e-06
405.0	3.9158e-06
405.2	3.874e-06
405.4	3.8326e-06
405.6	3.7916e-06
405.8	3.751e-06
406.0	3.7109e-06
406.2	3.6713e-06
406.4	3.632e-06
406.6	3.5932e-06
406.8	3.5548e-06
407.0	3.5168e-06
407.2	3.4792e-06
407.4	3.442e-06
407.6	3.4052e-06
407.8	3.3688e-06
408.0	3.3327e-06
408.2	3.2971e-06
408.4	3.2619e-06
408.6	3.227e-06
408.8	3.1675e-06
409.0	3.0905e-06
409.2	3.0153e-06
409.4	2.9419e-06
409.6	2.8703e-06
409.8	2.8005e-06
410.0	2.7323e-06
410.2	2.6658e-06
410.4	2.601e-06
410.6	2.5377e-06
410.8	2.4759e-06
411.0	2.4157e-06
411.2	2.3569e-06
411.4	2.2995e-06
411.6	2.2436e-06
411.8	2.189e-06
412.0	2.1357e-06
412.2	2.0837e-06
412.4	2.038e-06
412.6	2.1303e-06
412.8	2.2269e-06
413.0	2.3278e-06
413.2	2.4334e-06
413.4	2.5436e-06
413.6	2.6589e-06
413.8	2.7795e-06
414.0	2.9055e-06
414.2	3.0372e-06
414.4	3.1748e-06
414.6	3.3187e-06
414.8	3.4692e-06
415.0	3.6264e-06
415.2	3.7908e-06
415.4	3.9626e-06
415.6	4.1422e-06
415.8	4.33e-06
416.0	4.5263e-06
416.2	4.6758e-06
416.4	4.7769e-06
416.6	4.8801e-06
416.8	4.9855e-06
417.0	5.0932e-06
417.2	5.2033e-06
417.4	5.3157e-06
417.6	5.4306e-06
417.8	5.5479e-06
418.0	5.6678e-06
418.2	5.7903e-06
418.4	5.9154e-06
418.6	6.0432e-06
418.8	6.1738e-06
419.0	6.3072e-06
419.2	6.4435e-06
419.4	6.5827e-06
419.6	6.7249e-06
419.8	6.8696e-06
420.0	6.9488e-06
420.2	7.0289e-06
420.4	7.11e-06
420.6	7.192e-06
420.8	7.2749e-06
421.0	7.3588e-06
421.2	7.4436e-06
421.4	7.5295e-06
421.6	7.6163e-06
421.8	7.7041e-06
422.0	7.793e-06
422.2	7.8828e-06
422.4	7.9737e-06
422.6	8.0657e-06
422.8	8.1587e-06
423.0	8.2528e-06
423.2	8.3479e-06
423.4	8.4442e-06
423.6	8.5657e-06
423.8	8.7127e-06
424.0	8.8621e-06
424.2	9.0141e-06
424.4	9.1688e-06
424.6	9.326e-06
424.8	9.486e-06
425.0	9.6487e-06
425.2	9.8142e-06
425.4	9.9826e-06
425.6	1.0154e-05
425.8	1.0328e-05
426.0	1.0505e-05
426.2	1.0685e-05
426.4	1.0869e-05
426.6	1.1055e-05
426.8	1.1245e-05
427.0	1.1438e-05
427.2	1.1702e-05
427.4	1.1973e-05
427.6	1.2589e-05
427.8	1.3267e-05
428.0	1.3981e-05
428.2	1.4735e-05
428.4	1.5528e-05
428.6	1.6365e-05
428.8	1.7246e-05
429.0	1.8175e-05
429.2	1.9155e-05
429.4	2.0186e-05
429.6	2.1274e-05
429.8	2.242e-05
430.0	2.3628e-05
430.2	2.4901e-05
430.4	2.6242e-05
430.6	2.7656e-05
430.8	2.9145e-05
431.0	3.0716e-05
431.2	3.2016e-05
431.4	3.2767e-05
431.6	3.3535e-05
431.8	3.4321e-05
432.0	3.5125e-05
432.2	3.5948e-05
432.4	3.679e-05
432.6	3.7653e-05
432.8	3.8535e-05
433.0	3.9438e-05
433.2	4.0362e-05
433.4	4.1308e-05
433.6	4.2276e-05
433.8	4.3267e-05
434.0	4.4281e-05
434.2	4.5319e-05
434.4	4.6381e-05
434.6	4.7467e-05
434.8	4.858e-05
435.0	4.8997e-05
435.2	4.9276e-05
435.4	4.9556e-05
435.6	4.9837e-05
435.8	5.0121e-05
436.0	5.0405e-05
436.2	5.0692e-05
436.4	5.098e-05
436.6	5.127e-05
436.8	5.1561e-05
437.0	5.1854e-05
437.2	5.2149e-05
437.4	5.2445e-05
437.6	5.2743e-05
437.8	5.3043e-05
438.0	5.3344e-05
438.2	5.3648e-05
438.4	5.3952e-05
438.6	5.3963e-05
438.8	5.3319e-05
439.0	5.2683e-05
439.2	5.2055e-05
439.4	5.1434e-05
439.6	5.082e-05
439.8	5.0214e-05
440.0	4.9615e-05
440.2	4.9023e-05
440.4	4.8438e-05
440.6	4.786e-05
440.8	4.7289e-05
441.0	4.6725e-05
441.2	4.6168e-05
441.4	4.5617e-05
441.6	4.5073e-05
441.8	4.4535e-05
442.0	4.4004e-05
442.2	4.3479e-05
442.4	4.3003e-05
442.6	4.2544e-05
442.8	4.209e-05
443.0	4.164e-05
443.2	4.1195e-05
443.4	4.0755e-05
443.6	4.032e-05
443.8	3.9889e-05
444.0	3.9463e-05
444.2	3.9041e-05
444.4	3.8624e-05
444.6	3.8212e-05
444.8	3.7803e-05
445.0	3.74e-05
445.2	3.7e-05
445.4	3.6605e-05
445.6	3.6214e-05
445.8	3.5827e-05
446.0	3.5527e-05
446.2	3.5435e-05
446.4	3.5344e-05
446.6	3.5253e-05
446.8	3.5163e-05
447.0	3.5072e-05
447.2	3.4982e-05
447.4	3.4892e-05
447.6	3.4802e-05
447.8	3.4713e-05
448.0	3.4623e-05
448.2	3.4534e-05
448.4	3.4445e-05
448.6	3.4357e-05
448.8	3.4268e-05
449.0	3.418e-05
449.2	3.4092e-05
449.4	3.4005e-05
449.6	3.3917e-05
449.8	3.3875e-05
450.0	3.3845e-05
450.2	3.3815e-05
450.4	3.3785e-05
450.6	3.3755e-05
450.8	3.3725e-05
451.0	3.3695e-05
451.2	3.3665e-05
451.4	3.3636e-05
451.6	3.3606e-05
451.8	3.3576e-05
452.0	3.3546e-05
452.2	3.3516e-05
452.4	3.3487e-05
452.6	3.3457e-05
452.8	3.3427e-05
453.0	3.3398e-05
453.2	3.3368e-05
453.4	3.3022e-05
453.6	3.1978e-05
453.8	3.0967e-05
454.0	2.9987e-05
454.2	2.9039e-05
454.4	2.812e-05
454.6	2.7231e-05
454.8	2.637e-05
455.0	2.5536e-05
455.2	2.4728e-05
455.4	2.3946e-05
455.6	2.3189e-05
455.8	2.2455e-05
456.0	2.1745e-05
456.2	2.1057e-05
456.4	2.0391e-05
456.6	1.9746e-05
456.8	1.9122e-05
457.0	1.8517e-05
457.2	1.5895e-05
457.4	1.33e-05
457.6	1.1128e-05
457.8	9.3113e-06
458.0	7.791e-06
458.2	6.5189e-06
458.4	5.4545e-06
458.6	4.564e-06
458.8	3.8188e-06
459.0	3.1953e-06
459.2	2.6736e-06
459.4	2.237e-06
459.6	1.8718e-06
459.8	1.5662e-06
460.0	1.3105e-06
460.2	1.0965e-06
460.4	9.1746e-07
460.6	7.6766e-07
460.8	6.5966e-07
461.0	5.9435e-07
461.2	5.3551e-07
461.4	4.8249e-07
461.6	4.3472e-07
461.8	3.9168e-07
462.0	3.529e-07
462.2	3.1796e-07
462.4	2.8648e-07
462.6	2.5811e-07
462.8	2.3256e-07
463.0	2.0953e-07
463.2	1.8879e-07
463.4	1.701e-07
463.6	1.5326e-07
463.8	1.3808e-07
464.0	1.2441e-07
464.2	1.1209e-07
464.4	1.01e-07
464.6	1.0e-07
464.8	1.0e-07
465.0	1.0e-07
465.2	1.0e-07
465.4	1.0e-07
465.6	1.0e-07
465.8	1.0e-07
466.0	1.0e-07
466.2	1.0e-07
466.4	1.0e-07
466.6	1.0e-07
466.8	1.0e-07
467.0	1.0e-07
467.2	1.0e-07
467.4	1.0e-07
467.6	1.0e-07
467.8	1.0e-07
468.0	1.0e-07
468.2	1.0e-07
468.4	1.0e-07
468.6	1.0e-07
468.8	1.0e-07
469.0	1.0e-07
469.2	1.0e-07
469.4	1.0e-07
469.6	1.0e-07
469.8	1.0e-07
470.0	1.0e-07
470.2	1.0e-07
470.4	1.0e-07
470.6	1.0e-07
470.8	1.0e-07
471.0	1.0e-07
471.2	1.0e-07
471.4	1.0e-07
471.6	1.0e-07
471.8	1.0e-07
472.0	1.0e-07
472.2	1.0e-07
472.4	1.0e-07
472.6	1.0e-07
472.8	1.0e-07
473.0	1.0e-07
473.2	1.0e-07
473.4	1.0e-07
473.6	1.0e-07
473.8	1.0e-07
474.0	1.0e-07
474.2	1.0e-07
474.4	1.0e-07
474.6	1.0e-07
474.8	1.0e-07
475.0	1.0e-07
475.2	1.0e-07
475.4	1.0e-07
475.6	1.0e-07
475.8	1.0e-07
476.0	1.0e-07
476.2	1.0e-07
476.4	1.0e-07
476.6	1.0e-07
476.8	1.0e-07
477.0	1.0e-07
477.2	1.0e-07
477.4	1.0e-07
477.6	1.0e-07
477.8	1.0e-07
478.0	1.0e-07
478.2	1.0e-07
478.4	1.0e-07
478.6	1.0e-07
478.8	1.0e-07
479.0	1.0e-07
479.2	1.0e-07
479.4	1.0e-07
479.6	1.0e-07
479.8	1.0e-07
480.0	1.0e-07
480.2	1.0e-07
480.4	1.0e-07
480.6	1.0e-07
480.8	1.0e-07
481.0	1.0e-07
481.2	1.0e-07
481.4	1.0e-07
481.6	1.0e-07
481.8	1.0e-07
482.0	1.0e-07
482.2	1.0e-07
482.4	1.0e-07
482.6	1.0e-07
482.8	1.0e-07
483.0	1.0e-07
483.2	1.0e-07
483.4	1.0e-07
483.6	1.0e-07
483.8	1.0e-07
484.0	1.0e-07
484.2	1.0e-07
484.4	1.0e-07
484.6	1.0e-07
484.8	1.0e-07
485.0	1.0e-07
485.2	1.0e-07
485.4	1.0e-07
485.6	1.0e-07
485.8	1.0e-07
486.0	1.0e-07
486.2	1.0e-07
486.4	1.0e-07
486.6	1.0e-07
486.8	1.0e-07
487.0	1.0e-07
487.2	1.0e-07
487.4	1.0e-07
487.6	1.0e-07
487.8	1.0e-07
488.0	1.0e-07
488.2	1.0e-07
488.4	1.0e-07
488.6	1.0e-07
488.8	1.0e-07
489.0	1.0e-07
489.2	1.0e-07
489.4	1.0e-07
489.6	1.0e-07
489.8	1.0e-07
490.0	1.0e-07
490.2	1.0e-07
490.4	1.0e-07
490.6	1.0e-07
490.8	1.0e-07
491.0	1.0e-07
491.2	1.0e-07
491.4	1.0e-07
491.6	1.0e-07
491.8	1.0e-07
492.0	1.0e-07
492.2	1.0e-07
492.4	1.0e-07
492.6	1.0e-07
492.8	1.0e-07
493.0	1.0e-07
493.2	1.0e-07
493.4	1.0e-07
493.6	1.0e-07
493.8	1.0e-07
494.0	1.0e-07
494.2	1.0e-07
494.4	1.0e-07
494.6	1.0e-07
494.8	1.0e-07
495.0	1.0e-07
495.2	1.0e-07
495.4	1.0e-07
495.6	1.0e-07
495.8	1.0e-07
496.0	1.0e-07
496.2	1.0e-07
496.4	1.0e-07
496.6	1.0e-07
496.8	1.0e-07
497.0	1.0e-07
497.2	1.0e-07
497.4	1.0e-07
497.6	1.0e-07
497.8	1.0e-07
498.0	1.0e-07
498.2	1.0e-07
498.4	1.0e-07
498.6	1.0e-07
498.8	1.0e-07
499.0	1.0e-07
499.2	1.0e-07
499.4	1.0e-07
499.6	1.0e-07
499.8	1.0e-07
500.0	1.0e-07
500.2	1.0e-07
500.4	1.0e-07
500.6	1.0e-07
500.8	1.0e-07
501.0	1.0e-07
501.2	1.0e-07
501.4	1.0e-07
501.6	1.0e-07
501.8	1.0e-07
502.0	1.0e-07
502.2	1.0e-07
502.4	1.0e-07
502.6	1.0e-07
502.8	1.0e-07
503.0	1.0e-07
503.2	1.0e-07
503.4	1.0e-07
503.6	1.0e-07
503.8	1.0e-07
504.0	1.0e-07
504.2	1.0e-07
504.4	1.0e-07
504.6	1.0e-07
504.8	1.0e-07
505.0	1.0e-07
505.2	1.0e-07
505.4	1.0e-07
505.6	1.0e-07
505.8	1.0e-07
506.0	1.0e-07
506.2	1.0e-07
506.4	1.0e-07
506.6	1.0e-07
506.8	1.0e-07
507.0	1.0e-07
507.2	1.0e-07
507.4	1.0e-07
507.6	1.0e-07
507.8	1.0e-07
508.0	1.0e-07
508.2	1.0e-07
508.4	1.0e-07
508.6	1.0e-07
508.8	1.0e-07
509.0	1.0e-07
509.2	1.0e-07
509.4	1.0e-07
509.6	1.0e-07
509.8	1.0e-07
510.0	1.0e-07
510.2	1.0e-07
510.4	1.0e-07
510.6	1.0e-07
510.8	1.0e-07
511.0	1.0e-07
511.2	1.0e-07
511.4	1.0e-07
511.6	1.0e-07
511.8	1.0e-07
512.0	1.0e-07
512.2	1.0e-07
512.4	1.0e-07
512.6	1.0e-07
512.8	1.0e-07
513.0	1.0e-07
513.2	1.0e-07
513.4	1.0e-07
513.6	1.0e-07
513.8	1.0e-07
514.0	1.0e-07
514.2	1.0e-07
514.4	1.0e-07
514.6	1.0e-07
514.8	1.0e-07
515.0	1.0e-07
515.2	1.0e-07
515.4	1.0e-07
515.6	1.0e-07
515.8	1.0e-07
516.0	1.0e-07
516.2	1.0e-07
516.4	1.0e-07
516.6	1.0e-07
516.8	1.0e-07
517.0	1.0e-07
517.2	1.0e-07
517.4	1.0e-07
517.6	1.0e-07
517.8	1.0e-07
518.0	1.0e-07
518.2	1.0e-07
518.4	1.0e-07
518.6	1.0e-07
518.8	1.0e-07
519.0	1.0e-07
519.2	1.0e-07
519.4	1.0e-07
519.6	1.0e-07
519.8	1.0e-07
520.0	1.0e-07
520.2	1.0e-07
520.4	1.0e-07
520.6	1.0e-07
520.8	1.0e-07
521.0	1.0e-07
521.2	1.0e-07
521.4	1.0e-07
521.6	1.0e-07
521.8	1.0e-07
522.0	1.0e-07
522.2	1.0e-07
522.4	1.0e-07
522.6	1.0e-07
522.8	1.0e-07
523.0	1.0e-07
523.2	1.0e-07
523.4	1.0e-07
523.6	1.0e-07
523.8	1.0e-07
524.0	1.0e-07
524.2	1.0e-07
524.4	1.0e-07
524.6	1.0e-07
524.8	1.0e-07
525.0	1.0e-07
525.2	1.0e-07
525.4	1.0e-07
525.6	1.0e-07
525.8	1.0e-07
526.0	1.0e-07
526.2	1.0e-07
526.4	1.0e-07
526.6	1.0e-07
526.8	1.0e-07
527.0	1.0e-07
527.2	1.0e-07
527.4	1.0e-07
527.6	1.0e-07
527.8	1.0e-07
528.0	1.0e-07
528.2	1.0e-07
528.4	1.0e-07
528.6	1.0e-07
528.8	1.0e-07
529.0	1.0e-07
529.2	1.0e-07
529.4	1.0e-07
529.6	1.0e-07
529.8	1.0e-07
530.0	1.0e-07
530.2	1.0e-07
530.4	1.0e-07
530.6	1.0e-07
530.8	1.0e-07
531.0	1.0e-07
531.2	1.0e-07
531.4	1.0e-07
531.6	1.0e-07
531.8	1.0e-07
532.0	1.0e-07
532.2	1.0e-07
532.4	1.0e-07
532.6	1.0e-07
532.8	1.0e-07
533.0	1.0e-07
533.2	1.0e-07
533.4	1.0e-07
533.6	1.0e-07
533.8	1.0e-07
534.0	1.0e-07
534.2	1.0e-07
534.4	1.0e-07
534.6	1.0e-07
534.8	1.0e-07
535.0	1.0e-07
535.2	1.0e-07
535.4	1.0e-07
535.6	1.0e-07
535.8	1.0e-07
536.0	1.0e-07
536.2	1.0e-07
536.4	1.0e-07
536.6	1.0e-07
536.8	1.0e-07
537.0	1.0e-07
537.2	1.0e-07
537.4	1.0e-07
537.6	1.0e-07
537.8	1.0e-07
538.0	1.0e-07
538.2	1.0e-07
538.4	1.0e-07
538.6	1.0e-07
538.8	1.0e-07
539.0	1.0e-07
539.2	1.0e-07
539.4	1.0e-07
539.6	1.0e-07
539.8	1.0e-07
540.0	1.0e-07
540.2	1.0e-07
540.4	1.0e-07
540.6	1.0e-07
540.8	1.0e-07
541.0	1.0e-07
541.2	1.0e-07
541.4	1.0e-07
541.6	1.0e-07
541.8	1.0e-07
542.0	1.0e-07
542.2	1.0e-07
542.4	1.0e-07
542.6	1.0e-07
542.8	1.0e-07
543.0	1.0e-07
543.2	1.0e-07
543.4	1.0e-07
543.6	1.0e-07
543.8	1.0e-07
544.0	1.0e-07
544.2	1.0e-07
544.4	1.0e-07
544.6	1.0e-07
544.8	1.0e-07
545.0	1.0e-07
545.2	1.0e-07
545.4	1.0e-07
545.6	1.0e-07
545.8	1.0e-07
546.0	1.0e-07
546.2	1.0e-07
546.4	1.0e-07
546.6	1.0e-07
546.8	1.0e-07
547.0	1.0e-07
547.2	1.0e-07
547.4	1.0e-07
547.6	1.0e-07
547.8	1.0e-07
548.0	1.0e-07
548.2	1.0e-07
548.4	1.0e-07
548.6	1.0e-07
548.8	1.0e-07
549.0	1.0e-07
549.2	1.0e-07
549.4	1.0e-07
549.6	1.0e-07
549.8	1.0e-07
550.0	1.0e-07
550.2	1.0e-07
550.4	1.0e-07
550.6	1.0e-07
550.8	1.0e-07
551.0	1.0e-07
551.2	1.0e-07
551.4	1.0e-07
551.6	1.0e-07
551.8	1.0e-07
552.0	1.0e-07
552.2	1.0e-07
552.4	1.0e-07
552.6	1.0e-07
552.8	1.0e-07
553.0	1.0e-07
553.2	1.0e-07
553.4	1.0e-07
553.6	1.0e-07
553.8	1.0e-07
554.0	1.0e-07
554.2	1.0e-07
554.4	1.0e-07
554.6	1.0e-07
554.8	1.0e-07
555.0	1.0e-07
555.2	1.0e-07
555.4	1.0e-07
555.6	1.0e-07
555.8	1.0e-07
556.0	1.0e-07
556.2	1.0e-07
556.4	1.0e-07
556.6	1.0e-07
556.8	1.0e-07
557.0	1.0e-07
557.2	1.0e-07
557.4	1.0e-07
557.6	1.0e-07
557.8	1.0e-07
558.0	1.0e-07
558.2	1.0e-07
558.4	1.0e-07
558.6	1.0e-07
558.8	1.0e-07
559.0	1.0e-07
559.2	1.0e-07
559.4	1.0e-07
559.6	1.0e-07
559.8	1.0e-07
560.0	1.0e-07
560.2	1.0e-07
560.4	1.0e-07
560.6	1.0e-07
560.8	1.0e-07
561.0	1.0e-07
561.2	1.0e-07
561.4	1.0e-07
561.6	1.0e-07
561.8	1.0e-07
562.0	1.0e-07
562.2	1.0e-07
562.4	1.0e-07
562.6	1.0e-07
562.8	1.0e-07
563.0	1.0e-07
563.2	1.0e-07
563.4	1.0e-07
563.6	1.0e-07
563.8	1.0e-07
564.0	1.0e-07
564.2	1.0e-07
564.4	1.0e-07
564.6	1.0e-07
564.8	1.0e-07
565.0	1.0e-07
565.2	1.0e-07
565.4	1.0e-07
565.6	1.0e-07
565.8	1.0e-07
566.0	1.0e-07
566.2	1.0e-07
566.4	1.0e-07
566.6	1.0e-07
566.8	1.0e-07
567.0	1.0e-07
567.2	1.0e-07
567.4	1.0e-07
567.6	1.0e-07
567.8	1.0e-07
568.0	1.0e-07
568.2	1.0e-07
568.4	1.0e-07
568.6	1.0e-07
568.8	1.0e-07
569.0	1.0e-07
569.2	1.0e-07
569.4	1.0e-07
569.6	1.0e-07
569.8	1.0e-07
570.0	1.0e-07
570.2	1.0e-07
570.4	1.0e-07
570.6	1.0e-07
570.8	1.0e-07
571.0	1.0e-07
571.2	1.0e-07
571.4	1.0e-07
571.6	1.0e-07
571.8	1.0e-07
572.0	1.0e-07
572.2	1.0e-07
572.4	1.0e-07
572.6	1.0e-07
572.8	1.0e-07
573.0	1.0e-07
573.2	1.0e-07
573.4	1.0e-07
573.6	1.0e-07
573.8	1.0e-07
574.0	1.0e-07
574.2	1.0e-07
574.4	1.0e-07
574.6	1.0e-07
574.8	1.0e-07
575.0	1.0e-07
575.2	1.0e-07
575.4	1.0e-07
575.6	1.0e-07
575.8	1.0e-07
576.0	1.0e-07
576.2	1.0e-07
576.4	1.0e-07
576.6	1.0e-07
576.8	1.0e-07
577.0	1.0e-07
577.2	1.0e-07
577.4	1.0e-07
577.6	1.0e-07
577.8	1.0e-07
578.0	1.0e-07
578.2	1.0e-07
578.4	1.0e-07
578.6	1.0e-07
578.8	1.0e-07
579.0	1.0e-07
579.2	1.1158e-07
579.4	1.1123e-07
579.6	1.5629e-07
579.8	1.75e-07
580.0	1.2479e-07
580.2	1.0e-07
580.4	1.0e-07
580.6	1.0e-07
580.8	1.0e-07
581.0	1.0e-07
581.2	1.0e-07
581.4	1.0e-07
581.6	1.0275e-07
581.8	1.0431e-07
582.0	1.023e-07
582.2	1.0034e-07
582.4	1.1466e-07
582.6	1.3535e-07
582.8	1.4032e-07
583.0	1.104e-07
583.2	1.0418e-07
583.4	1.0164e-07
583.6	1.0e-07
583.8	1.0e-07
584.0	1.0e-07
584.2	1.0e-07
584.4	1.0e-07
584.6	1.0e-07
584.8	1.0e-07
585.0	1.0e-07
585.2	1.0e-07
585.4	1.0e-07
585.6	1.0e-07
585.8	1.0e-07
586.0	1.0e-07
586.2	1.0e-07
586.4	1.0e-07
586.6	1.0e-07
586.8	1.0e-07
587.0	1.0e-07
587.2	1.0e-07
587.4	1.0e-07
587.6	1.0784e-07
587.8	1.1773e-07
588.0	1.1833e-07
588.2	1.0235e-07
588.4	1.0e-07
588.6	1.0e-07
588.8	1.0e-07
589.0	1.0e-07
589.2	1.0e-07
589.4	1.0e-07
589.6	1.0537e-07
589.8	1.216e-07
590.0	1.4032e-07
590.2	1.2654e-07
590.4	1.0962e-07
590.6	1.1687e-07
590.8	1.8021e-07
591.0	1.5908e-07
591.2	1.2825e-07
591.4	1.2047e-07
591.6	1.4941e-07
591.8	1.8531e-07
592.0	1.6273e-07
592.2	1.6245e-07
592.4	2.3224e-07
592.6	3.3203e-07
592.8	3.8157e-07
593.0	4.2063e-07
593.2	5.1765e-07
593.4	7.9265e-07
593.6	1.0191e-06
593.8	1.2658e-06
594.0	1.5631e-06
594.2	1.9085e-06
594.4	2.3301e-06
594.6	3.0282e-06
594.8	4.018e-06
595.0	5.6992e-06
595.2	6.9025e-06
595.4	9.4108e-06
595.6	1.3353e-05
595.8	1.8892e-05
596.0	2.5591e-05
596.2	3.5428e-05
596.4	4.8975e-05
596.6	6.8333e-05
596.8	9.6925e-05
597.0	1.3748e-04
597.2	2.0256e-04
597.4	2.9787e-04
597.6	4.4597e-04
597.8	6.6173e-04
598.0	9.8482e-04
598.2	0.00149
598.4	0.00231
598.6	0.00326
598.8	0.00518
599.0	0.00837
599.2	0.01387
599.4	0.02337
599.6	0.04039
599.8	0.07182
600.0	0.14664
600.2	0.25223
600.4	0.41122
600.6	0.60214
600.8	0.77407
601.0	0.88203
601.2	0.93394
601.4	0.94995
601.6	0.95399
601.8	0.95551
602.0	0.95699
602.2	0.95904
602.4	0.96114
602.6	0.96203
602.8	0.9625
603.0	0.96194
603.2	0.96147
603.4	0.96091
603.6	0.96011
603.8	0.96046
604.0	0.96111
604.2	0.9622
604.4	0.96321
604.6	0.96436
604.8	0.96506
605.0	0.96614
605.2	0.96602
605.4	0.9663
605.6	0.96534
605.8	0.96471
606.0	0.96373
606.2	0.96299
606.4	0.96216
606.6	0.9618
606.8	0.96108
607.0	0.9609
607.2	0.96061
607.4	0.96175
607.6	0.96204
607.8	0.96327
608.0	0.96587
608.2	0.96814
608.4	0.96873
608.6	0.97048
608.8	0.97122
609.0	0.97136
609.2	0.97156
609.4	0.97166
609.6	0.97123
609.8	0.97052
610.0	0.96999
610.2	0.96849
610.4	0.96729
610.6	0.96643
610.8	0.96511
611.0	0.96424
611.2	0.96397
611.4	0.96314
611.6	0.96308
611.8	0.96345
612.0	0.96325
612.2	0.964
612.4	0.96526
612.6	0.9664
612.8	0.96773
613.0	0.96898
613.2	0.97029
613.4	0.97137
613.6	0.97188
613.8	0.97296
614.0	0.97281
614.2	0.97299
614.4	0.97324
614.6	0.97309
614.8	0.97249
615.0	0.97216
615.2	0.97099
615.4	0.97
615.6	0.96924
615.8	0.96848
616.0	0.96778
616.2	0.96692
616.4	0.96609
616.6	0.96631
616.8	0.96553
617.0	0.96542
617.2	0.96575
617.4	0.96597
617.6	0.9661
617.8	0.96646
618.0	0.967
618.2	0.96765
618.4	0.96803
618.6	0.96876
618.8	0.96958
619.0	0.97082
619.2	0.97152
619.4	0.9719
619.6	0.97283
619.8	0.97352
620.0	0.97394
620.2	0.97393
620.4	0.97426
620.6	0.97443
620.8	0.97417
621.0	0.9738
621.2	0.97338
621.4	0.97272
621.6	0.97183
621.8	0.97111
622.0	0.97003
622.2	0.96907
622.4	0.96824
622.6	0.96753
622.8	0.96674
623.0	0.9663
623.2	0.96581
623.4	0.96514
623.6	0.96529
623.8	0.96516
624.0	0.96532
624.2	0.96609
624.4	0.96633
624.6	0.96727
624.8	0.96751
625.0	0.96838
625.2	0.96929
625.4	0.96998
625.6	0.97079
625.8	0.97199
626.0	0.97194
626.2	0.97345
626.4	0.97365
626.6	0.97425
626.8	0.97388
627.0	0.97461
627.2	0.97476
627.4	0.97488
627.6	0.97484
627.8	0.97519
628.0	0.97459
628.2	0.97449
628.4	0.97415
628.6	0.97329
628.8	0.97344
629.0	0.97266
629.2	0.97151
629.4	0.97113
629.6	0.97016
629.8	0.96956
630.0	0.96903
630.2	0.96843
630.4	0.96777
630.6	0.96738
630.8	0.96699
631.0	0.96727
631.2	0.96735
631.4	0.96729
631.6	0.96743
631.8	0.96777
632.0	0.96823
632.2	0.96863
632.4	0.96968
632.6	0.97033
632.8	0.97092
633.0	0.97179
633.2	0.97257
633.4	0.97333
633.6	0.97353
633.8	0.97386
634.0	0.97459
634.2	0.97495
634.4	0.97527
634.6	0.97601
634.8	0.97607
635.0	0.97631
635.2	0.97644
635.4	0.97586
635.6	0.97631
635.8	0.97594
636.0	0.97542
636.2	0.97495
636.4	0.97469
636.6	0.97427
636.8	0.97324
637.0	0.97255
637.2	0.97164
637.4	0.97116
637.6	0.97099
637.8	0.96975
638.0	0.96944
638.2	0.9689
638.4	0.96841
638.6	0.96796
638.8	0.96784
639.0	0.96816
639.2	0.96773
639.4	0.96819
639.6	0.96804
639.8	0.96898
640.0	0.96939
640.2	0.96967
640.4	0.96998
640.6	0.97114
640.8	0.97096
641.0	0.97197
641.2	0.97267
641.4	0.9734
641.6	0.97411
641.8	0.97441
642.0	0.97533
642.2	0.97597
642.4	0.97586
642.6	0.97674
642.8	0.97678
643.0	0.97728
643.2	0.97741
643.4	0.97819
643.6	0.97821
643.8	0.97853
644.0	0.97818
644.2	0.97851
644.4	0.97749
644.6	0.97762
644.8	0.97748
645.0	0.97711
645.2	0.97642
645.4	0.9759
645.6	0.97476
645.8	0.97463
646.0	0.97416
646.2	0.9733
646.4	0.97293
646.6	0.97214
646.8	0.97207
647.0	0.97119
647.2	0.97111
647.4	0.97041
647.6	0.97045
647.8	0.97047
648.0	0.97009
648.2	0.97038
648.4	0.97055
648.6	0.97015
648.8	0.97067
649.0	0.97069
649.2	0.97093
649.4	0.97119
649.6	0.97132
649.8	0.97162
650.0	0.97218
650.2	0.97252
650.4	0.97277
650.6	0.97296
650.8	0.97309
651.0	0.97387
651.2	0.97414
651.4	0.97428
651.6	0.97459
651.8	0.97592
652.0	0.97566
652.2	0.97627
652.4	0.97655
652.6	0.97634
652.8	0.97673
653.0	0.9769
653.2	0.97663
653.4	0.97675
653.6	0.97698
653.8	0.97657
654.0	0.97632
654.2	0.97596
654.4	0.976
654.6	0.97572
654.8	0.97526
655.0	0.97575
655.2	0.97459
655.4	0.97404
655.6	0.97424
655.8	0.97348
656.0	0.97321
656.2	0.97283
656.4	0.97281
656.6	0.97228
656.8	0.9718
657.0	0.97161
657.2	0.97088
657.4	0.97081
657.6	0.97056
657.8	0.97024
658.0	0.97009
658.2	0.96983
658.4	0.96994
658.6	0.97019
658.8	0.97048
659.0	0.97032
659.2	0.97074
659.4	0.97149
659.6	0.97165
659.8	0.97234
660.0	0.97316
660.2	0.97392
660.4	0.97475
660.6	0.97571
660.8	0.97634
661.0	0.97721
661.2	0.97791
661.4	0.97896
661.6	0.97914
661.8	0.97977
662.0	0.98
662.2	0.98044
662.4	0.98076
662.6	0.98075
662.8	0.98095
663.0	0.98117
663.2	0.98105
663.4	0.98119
663.6	0.98168
663.8	0.98115
664.0	0.98084
664.2	0.98054
664.4	0.98078
664.6	0.98026
664.8	0.98046
665.0	0.9799
665.2	0.97966
665.4	0.97955
665.6	0.97901
665.8	0.97799
666.0	0.97765
666.2	0.9768
666.4	0.97657
666.6	0.97599
666.8	0.97523
667.0	0.97457
667.2	0.97375
667.4	0.97339
667.6	0.9729
667.8	0.97276
668.0	0.97276
668.2	0.9726
668.4	0.97235
668.6	0.97271
668.8	0.97272
669.0	0.97308
669.2	0.97291
669.4	0.97347
669.6	0.974
669.8	0.97447
670.0	0.97478
670.2	0.97507
670.4	0.97611
670.6	0.97624
670.8	0.97614
671.0	0.97757
671.2	0.97749
671.4	0.97775
671.6	0.97815
671.8	0.97854
672.0	0.97889
672.2	0.97953
672.4	0.97996
672.6	0.97987
672.8	0.98052
673.0	0.98059
673.2	0.98148
673.4	0.98144
673.6	0.9812
673.8	0.98254
674.0	0.98282
674.2	0.98328
674.4	0.98243
674.6	0.9832
674.8	0.98326
675.0	0.98283
675.2	0.98307
675.4	0.98283
675.6	0.98243
675.8	0.98266
676.0	0.98188
676.2	0.98152
676.4	0.98055
676.6	0.98015
676.8	0.97931
677.0	0.97884
677.2	0.97878
677.4	0.97787
677.6	0.97762
677.8	0.97742
678.0	0.97663
678.2	0.97706
678.4	0.97613
678.6	0.97666
678.8	0.97626
679.0	0.97649
679.2	0.97563
679.4	0.97628
679.6	0.97599
679.8	0.9759
680.0	0.97571
680.2	0.97566
680.4	0.97559
680.6	0.97548
680.8	0.9757
681.0	0.97539
681.2	0.97579
681.4	0.97549
681.6	0.97684
681.8	0.97655
682.0	0.9773
682.2	0.97659
682.4	0.97722
682.6	0.97856
682.8	0.97771
683.0	0.97896
683.2	0.97953
683.4	0.97967
683.6	0.98155
683.8	0.9811
684.0	0.98195
684.2	0.98262
684.4	0.98259
684.6	0.98332
684.8	0.98386
685.0	0.98404
685.2	0.98403
685.4	0.98395
685.6	0.98361
685.8	0.98394
686.0	0.98404
686.2	0.98392
686.4	0.98336
686.6	0.98365
686.8	0.98361
687.0	0.98284
687.2	0.9827
687.4	0.98259
687.6	0.98251
687.8	0.98233
688.0	0.98173
688.2	0.98163
688.4	0.98153
688.6	0.98104
688.8	0.9811
689.0	0.98011
689.2	0.98066
689.4	0.97991
689.6	0.97964
689.8	0.97927
690.0	0.97728
690.2	0.97875
690.4	0.97756
690.6	0.97731
690.8	0.97702
691.0	0.97741
691.2	0.97639
691.4	0.97646
691.6	0.97592
691.8	0.97564
692.0	0.97651
692.2	0.97593
692.4	0.97622
692.6	0.97649
692.8	0.97652
693.0	0.9768
693.2	0.97772
693.4	0.97802
693.6	0.97862
693.8	0.97923
694.0	0.9799
694.2	0.98045
694.4	0.98029
694.6	0.98114
694.8	0.98154
695.0	0.98259
695.2	0.98304
695.4	0.98249
695.6	0.98323
695.8	0.98373
696.0	0.98423
696.2	0.98468
696.4	0.98518
696.6	0.98494
696.8	0.9852
697.0	0.9859
697.2	0.98549
697.4	0.98635
697.6	0.98699
697.8	0.98666
698.0	0.98682
698.2	0.98642
698.4	0.98717
698.6	0.98765
698.8	0.98651
699.0	0.98694
699.2	0.987
699.4	0.98696
699.6	0.98679
699.8	0.98587
700.0	0.98607
700.2	0.98639
700.4	0.98447
700.6	0.9845
700.8	0.98391
701.0	0.9832
701.2	0.98366
701.4	0.98233
701.6	0.9823
701.8	0.98206
702.0	0.98131
702.2	0.98061
702.4	0.98091
702.6	0.98055
702.8	0.98028
703.0	0.98034
703.2	0.98067
703.4	0.97964
703.6	0.97998
703.8	0.97967
704.0	0.97985
704.2	0.97977
704.4	0.97916
704.6	0.9797
704.8	0.97851
705.0	0.97859
705.2	0.97894
705.4	0.97881
705.6	0.97885
705.8	0.97889
706.0	0.97854
706.2	0.97921
706.4	0.9792
706.6	0.97927
706.8	0.97951
707.0	0.97961
707.2	0.98103
707.4	0.98101
707.6	0.98082
707.8	0.98159
708.0	0.98145
708.2	0.98206
708.4	0.98307
708.6	0.98325
708.8	0.98353
709.0	0.98396
709.2	0.98469
709.4	0.98541
709.6	0.98642
709.8	0.98649
710.0	0.98606
