340.0	0.2593
340.2	0.24092
340.4	0.23283
340.6	0.21544
340.8	0.2044
341.0	0.20631
341.2	0.21935
341.4	0.24425
341.6	0.28212
341.8	0.32934
342.0	0.37407
342.2	0.39731
342.4	0.39179
342.6	0.39247
342.8	0.36825
343.0	0.26653
343.2	0.18596
343.4	0.14702
343.6	0.12708
343.8	0.11786
344.0	0.11617
344.2	0.12255
344.4	0.13846
344.6	0.16888
344.8	0.21695
345.0	0.27065
345.2	0.28175
345.4	0.22136
345.6	0.14014
345.8	0.08037
346.0	0.04716
346.2	0.02948
346.4	0.01975
346.6	0.01408
346.8	0.01056
347.0	0.00828
347.2	0.0067
347.4	0.0056
347.6	0.00478
347.8	0.00419
348.0	0.00374
348.2	0.00338
348.4	0.00313
348.6	0.00292
348.8	0.00281
349.0	0.00273
349.2	0.00282
349.4	0.00367
349.6	0.00693
349.8	0.00785
350.0	0.00477
350.2	0.00287
350.4	0.00234
350.6	0.00218
350.8	0.00215
351.0	0.00215
351.2	0.00221
351.4	0.00226
351.6	0.00237
351.8	0.00256
352.0	0.00278
352.2	0.00312
352.4	0.00357
352.6	0.00431
352.8	0.00545
353.0	0.0073
353.2	0.01056
353.4	0.01636
353.6	0.02535
353.8	0.03331
354.0	0.03275
354.2	0.02448
354.4	0.01625
354.6	0.01084
354.8	0.00762
355.0	0.00577
355.2	0.00455
355.4	0.00378
355.6	0.00324
355.8	0.00282
356.0	0.00257
356.2	0.00242
356.4	0.00227
356.6	0.00216
356.8	0.0021
357.0	0.00204
357.2	0.00207
357.4	0.00211
357.6	0.00219
357.8	0.00232
358.0	0.00247
358.2	0.00268
358.4	0.00294
358.6	0.00334
358.8	0.00385
359.0	0.00452
359.2	0.00546
359.4	0.00671
359.6	0.00851
359.8	0.01096
360.0	0.01428
360.2	0.01845
360.4	0.02299
360.6	0.02691
360.8	0.02888
361.0	0.02856
361.2	0.02647
361.4	0.02387
361.6	0.02136
361.8	0.01932
362.0	0.01799
362.2	0.01729
362.4	0.01721
362.6	0.01733
362.8	0.01753
363.0	0.01782
363.2	0.01859
363.4	0.01981
363.6	0.02159
363.8	0.02405
364.0	0.02705
364.2	0.03061
364.4	0.0343
364.6	0.03773
364.8	0.04019
365.0	0.04121
365.2	0.04017
365.4	0.03837
365.6	0.03576
365.8	0.03279
366.0	0.02973
366.2	0.02679
366.4	0.02425
366.6	0.0224
366.8	0.02112
367.0	0.02022
367.2	0.01983
367.4	0.01973
367.6	0.02018
367.8	0.02085
368.0	0.02197
368.2	0.02353
368.4	0.0255
368.6	0.028
368.8	0.03101
369.0	0.03452
369.2	0.03832
369.4	0.04239
369.6	0.04592
369.8	0.04869
370.0	0.05016
370.2	0.04995
370.4	0.04836
370.6	0.04603
370.8	0.04335
371.0	0.0406
371.2	0.03821
371.4	0.03622
371.6	0.03466
371.8	0.03353
372.0	0.03288
372.2	0.03258
372.4	0.03292
372.6	0.03334
372.8	0.03435
373.0	0.03573
373.2	0.03714
373.4	0.03916
373.6	0.04111
373.8	0.04305
374.0	0.04483
374.2	0.04614
374.4	0.04687
374.6	0.04691
374.8	0.0464
375.0	0.04526
375.2	0.04361
375.4	0.04182
375.6	0.03996
375.8	0.03822
376.0	0.03656
376.2	0.03508
376.4	0.03394
376.6	0.03316
376.8	0.03264
377.0	0.03236
377.2	0.03238
377.4	0.03267
377.6	0.03319
377.8	0.03399
378.0	0.03499
378.2	0.03607
378.4	0.03741
378.6	0.03858
378.8	0.03975
379.0	0.04079
379.2	0.04156
379.4	0.04187
379.6	0.04187
379.8	0.04148
380.0	0.04085
380.2	0.04
380.4	0.03886
380.6	0.03775
380.8	0.03668
381.0	0.03555
381.2	0.03476
381.4	0.03413
381.6	0.03349
381.8	0.03319
382.0	0.03305
382.2	0.03318
382.4	0.03344
382.6	0.03401
382.8	0.03469
383.0	0.03566
383.2	0.03653
383.4	0.03765
383.6	0.03868
383.8	0.03958
384.0	0.04029
384.2	0.04098
384.4	0.04113
384.6	0.04099
384.8	0.04073
385.0	0.04011
385.2	0.03929
385.4	0.03836
385.6	0.03725
385.8	0.03618
386.0	0.0351
386.2	0.03426
386.4	0.03346
386.6	0.03288
386.8	0.03247
387.0	0.03226
387.2	0.03222
387.4	0.03249
387.6	0.03286
387.8	0.03357
388.0	0.03439
388.2	0.03549
388.4	0.03672
388.6	0.03802
388.8	0.03923
389.0	0.04049
389.2	0.04149
389.4	0.04229
389.6	0.04254
389.8	0.0425
390.0	0.04194
390.2	0.04081
390.4	0.03952
390.6	0.03777
390.8	0.036
391.0	0.03406
391.2	0.03216
391.4	0.03035
391.6	0.02875
391.8	0.02729
392.0	0.02599
392.2	0.025
392.4	0.02408
392.6	0.02342
392.8	0.02293
393.0	0.02266
393.2	0.02256
393.4	0.02265
393.6	0.02294
393.8	0.0234
394.0	0.02402
394.2	0.02489
394.4	0.02589
394.6	0.027
394.8	0.02823
395.0	0.02957
395.2	0.03086
395.4	0.03206
395.6	0.03312
395.8	0.03389
396.0	0.03428
396.2	0.0343
396.4	0.03397
396.6	0.03327
396.8	0.03224
397.0	0.03105
397.2	0.02969
397.4	0.02828
397.6	0.02682
397.8	0.02551
398.0	0.02423
398.2	0.02309
398.4	0.02222
398.6	0.02135
398.8	0.0207
399.0	0.02025
399.2	0.01982
399.4	0.01965
399.6	0.01963
399.8	0.0198
400.0	0.02009
400.2	0.02055
400.4	0.02111
400.6	0.02191
400.8	0.02282
401.0	0.02395
401.2	0.02525
401.4	0.02668
401.6	0.02825
401.8	0.0298
402.0	0.03136
402.2	0.03282
402.4	0.03409
402.6	0.03509
402.8	0.03582
403.0	0.03621
403.2	0.03633
403.4	0.03624
403.6	0.03586
403.8	0.03533
404.0	0.03467
404.2	0.03398
404.4	0.03314
404.6	0.0324
404.8	0.03169
405.0	0.03108
405.2	0.0306
405.4	0.03027
405.6	0.03012
405.8	0.03018
406.0	0.0304
406.2	0.03076
406.4	0.03139
406.6	0.03212
406.8	0.03315
407.0	0.0341
407.2	0.0351
407.4	0.03617
407.6	0.03718
407.8	0.03802
408.0	0.03888
408.2	0.03974
408.4	0.04046
408.6	0.04134
408.8	0.04224
409.0	0.04308
409.2	0.04393
409.4	0.04457
409.6	0.04514
409.8	0.04551
410.0	0.04546
410.2	0.04535
410.4	0.04498
410.6	0.04439
410.8	0.0435
411.0	0.04258
411.2	0.04172
411.4	0.04095
411.6	0.04009
411.8	0.03946
412.0	0.03887
412.2	0.0385
412.4	0.03829
412.6	0.03816
412.8	0.03811
413.0	0.03819
413.2	0.03847
413.4	0.03888
413.6	0.03915
413.8	0.03966
414.0	0.0401
414.2	0.04064
414.4	0.04093
414.6	0.04118
414.8	0.04127
415.0	0.04112
415.2	0.04076
415.4	0.04011
415.6	0.03911
415.8	0.03806
416.0	0.03683
416.2	0.03549
416.4	0.03411
416.6	0.03269
416.8	0.03139
417.0	0.03016
417.2	0.02902
417.4	0.02807
417.6	0.0272
417.8	0.02658
418.0	0.02606
418.2	0.02585
418.4	0.02568
418.6	0.02568
418.8	0.02591
419.0	0.02621
419.2	0.02681
419.4	0.02747
419.6	0.02831
419.8	0.02927
420.0	0.03035
420.2	0.03162
420.4	0.03297
420.6	0.03437
420.8	0.03568
421.0	0.0367
421.2	0.03742
421.4	0.03758
421.6	0.03705
421.8	0.03574
422.0	0.03388
422.2	0.03155
422.4	0.02893
422.6	0.02616
422.8	0.02355
423.0	0.02105
423.2	0.01882
423.4	0.01685
423.6	0.01509
423.8	0.01356
424.0	0.01234
424.2	0.01122
424.4	0.01031
424.6	0.00955
424.8	0.00887
425.0	0.00835
425.2	0.00787
425.4	0.00753
425.6	0.00721
425.8	0.00694
426.0	0.00678
426.2	0.00665
426.4	0.00658
426.6	0.00654
426.8	0.00656
427.0	0.00669
427.2	0.00694
427.4	0.00715
427.6	0.00747
427.8	0.00789
428.0	0.00843
428.2	0.00918
428.4	0.01008
428.6	0.01125
428.8	0.01254
429.0	0.01371
429.2	0.01455
429.4	0.01507
429.6	0.01554
429.8	0.01613
430.0	0.01709
430.2	0.01843
430.4	0.02016
430.6	0.02223
430.8	0.02467
431.0	0.02737
431.2	0.03024
431.4	0.03308
431.6	0.03571
431.8	0.03781
432.0	0.03948
432.2	0.0402
432.4	0.04017
432.6	0.03928
432.8	0.03805
433.0	0.03652
433.2	0.03483
433.4	0.03294
433.6	0.03129
433.8	0.02974
434.0	0.02847
434.2	0.02736
434.4	0.02647
434.6	0.02575
434.8	0.02526
435.0	0.02497
435.2	0.02485
435.4	0.02483
435.6	0.02506
435.8	0.02538
436.0	0.02597
436.2	0.02668
436.4	0.02745
436.6	0.02848
436.8	0.02962
437.0	0.031
437.2	0.03232
437.4	0.03381
437.6	0.03538
437.8	0.03667
438.0	0.03823
438.2	0.03931
438.4	0.04029
438.6	0.04078
438.8	0.04094
439.0	0.04073
439.2	0.04003
439.4	0.03911
439.6	0.0381
439.8	0.03665
440.0	0.03512
440.2	0.03373
440.4	0.03223
440.6	0.03082
440.8	0.02954
441.0	0.02838
441.2	0.02739
441.4	0.02651
441.6	0.02576
441.8	0.02518
442.0	0.02476
442.2	0.02444
442.4	0.02428
442.6	0.02424
442.8	0.02437
443.0	0.02458
443.2	0.0249
443.4	0.02534
443.6	0.02594
443.8	0.02668
444.0	0.02745
444.2	0.02839
444.4	0.02939
444.6	0.03048
444.8	0.03174
445.0	0.03282
445.2	0.03392
445.4	0.03509
445.6	0.03593
445.8	0.03672
446.0	0.03714
446.2	0.03734
446.4	0.03721
446.6	0.03672
446.8	0.03595
447.0	0.03498
447.2	0.03393
447.4	0.03269
447.6	0.0312
447.8	0.02983
448.0	0.02853
448.2	0.02727
448.4	0.026
448.6	0.02479
448.8	0.02388
449.0	0.02298
449.2	0.02216
449.4	0.02144
449.6	0.02088
449.8	0.02033
450.0	0.01996
450.2	0.01969
450.4	0.01949
450.6	0.01938
450.8	0.0194
451.0	0.01948
451.2	0.01964
451.4	0.0199
451.6	0.02021
451.8	0.02064
452.0	0.02119
452.2	0.02188
452.4	0.02266
452.6	0.02351
452.8	0.0245
453.0	0.02557
453.2	0.02681
453.4	0.02822
453.6	0.02958
453.8	0.03119
454.0	0.03268
454.2	0.03433
454.4	0.03602
454.6	0.03773
454.8	0.03935
455.0	0.04075
455.2	0.04208
455.4	0.04329
455.6	0.04419
455.8	0.04468
456.0	0.04512
456.2	0.04516
456.4	0.04485
456.6	0.04452
456.8	0.04377
457.0	0.04293
457.2	0.04208
457.4	0.0409
457.6	0.03999
457.8	0.03889
458.0	0.03787
458.2	0.03684
458.4	0.03595
458.6	0.035
458.8	0.03432
459.0	0.03357
459.2	0.03292
459.4	0.03238
459.6	0.03183
459.8	0.03137
460.0	0.03103
460.2	0.03082
460.4	0.03053
460.6	0.03036
460.8	0.0303
461.0	0.03024
461.2	0.03016
461.4	0.03026
461.6	0.0304
461.8	0.03059
462.0	0.03087
462.2	0.03112
462.4	0.03154
462.6	0.03183
462.8	0.03237
463.0	0.03287
463.2	0.0335
463.4	0.03414
463.6	0.0349
463.8	0.0356
464.0	0.03643
464.2	0.03736
464.4	0.03828
464.6	0.03934
464.8	0.04031
465.0	0.04127
465.2	0.04221
465.4	0.04315
465.6	0.04377
465.8	0.04441
466.0	0.04478
466.2	0.04501
466.4	0.04485
466.6	0.04428
466.8	0.04351
467.0	0.04208
467.2	0.04056
467.4	0.03888
467.6	0.03681
467.8	0.03483
468.0	0.03262
468.2	0.0305
468.4	0.02844
468.6	0.0263
468.8	0.02423
469.0	0.02249
469.2	0.02076
469.4	0.01928
469.6	0.01772
469.8	0.01643
470.0	0.01533
470.2	0.01427
470.4	0.01337
470.6	0.01258
470.8	0.01182
471.0	0.01119
471.2	0.01065
471.4	0.01017
471.6	0.00977
471.8	0.0094
472.0	0.00915
472.2	0.0089
472.4	0.00872
472.6	0.00851
472.8	0.00845
473.0	0.00842
473.2	0.00839
473.4	0.00845
473.6	0.00855
473.8	0.00867
474.0	0.00883
474.2	0.00902
474.4	0.00929
474.6	0.00951
474.8	0.00985
475.0	0.01013
475.2	0.0105
475.4	0.01087
475.6	0.01124
475.8	0.01164
476.0	0.01205
476.2	0.01252
476.4	0.01291
476.6	0.01332
476.8	0.01373
477.0	0.01406
477.2	0.0144
477.4	0.01461
477.6	0.01485
477.8	0.01491
478.0	0.01494
478.2	0.01491
478.4	0.0148
478.6	0.0147
478.8	0.01443
479.0	0.01424
479.2	0.01385
479.4	0.01343
479.6	0.01302
479.8	0.01253
480.0	0.01198
480.2	0.01141
480.4	0.01082
480.6	0.01026
480.8	0.0097
481.0	0.00913
481.2	0.00862
481.4	0.00813
481.6	0.00764
481.8	0.00722
482.0	0.00685
482.2	0.00647
482.4	0.00613
482.6	0.00584
482.8	0.00561
483.0	0.00536
483.2	0.00514
483.4	0.00495
483.6	0.00483
483.8	0.00468
484.0	0.00456
484.2	0.00443
484.4	0.00436
484.6	0.00432
484.8	0.00423
485.0	0.0042
485.2	0.00418
485.4	0.00416
485.6	0.00415
485.8	0.0042
486.0	0.00424
486.2	0.00426
486.4	0.00434
486.6	0.00443
486.8	0.00456
487.0	0.00465
487.2	0.00483
487.4	0.00497
487.6	0.00517
487.8	0.00537
488.0	0.00562
488.2	0.00589
488.4	0.00618
488.6	0.00649
488.8	0.00688
489.0	0.00729
489.2	0.00767
489.4	0.00814
489.6	0.00868
489.8	0.00918
490.0	0.0097
490.2	0.01024
490.4	0.01076
490.6	0.01131
490.8	0.01186
491.0	0.01234
491.2	0.01282
491.4	0.01311
491.6	0.01344
491.8	0.01367
492.0	0.01371
492.2	0.01364
492.4	0.01351
492.6	0.01337
492.8	0.01304
493.0	0.01266
493.2	0.01223
493.4	0.01183
493.6	0.01133
493.8	0.01085
494.0	0.01041
494.2	0.00997
494.4	0.00953
494.6	0.00915
494.8	0.00878
495.0	0.00848
495.2	0.00817
495.4	0.00791
495.6	0.0077
495.8	0.00745
496.0	0.00729
496.2	0.00714
496.4	0.00699
496.6	0.00689
496.8	0.00682
497.0	0.00679
497.2	0.00672
497.4	0.00669
497.6	0.00671
497.8	0.00668
498.0	0.00677
498.2	0.00682
498.4	0.00693
498.6	0.00708
498.8	0.00718
499.0	0.00733
499.2	0.00755
499.4	0.00782
499.6	0.00805
499.8	0.00834
500.0	0.0087
500.2	0.00909
500.4	0.00955
500.6	0.01004
500.8	0.01056
501.0	0.01119
501.2	0.01187
501.4	0.01262
501.6	0.01348
501.8	0.01443
502.0	0.01556
502.2	0.0167
502.4	0.01793
502.6	0.01933
502.8	0.02087
503.0	0.02254
503.2	0.02434
503.4	0.02621
503.6	0.02812
503.8	0.03023
504.0	0.03247
504.2	0.03467
504.4	0.03693
504.6	0.03905
504.8	0.04099
505.0	0.04288
505.2	0.04414
505.4	0.04543
505.6	0.04603
505.8	0.04616
506.0	0.04594
506.2	0.04542
506.4	0.04432
506.6	0.04305
506.8	0.04152
507.0	0.03992
507.2	0.0381
507.4	0.03655
507.6	0.03484
507.8	0.03314
508.0	0.03171
508.2	0.03016
508.4	0.02872
508.6	0.02745
508.8	0.02621
509.0	0.02506
509.2	0.02414
509.4	0.02321
509.6	0.02235
509.8	0.02159
510.0	0.02083
510.2	0.02027
510.4	0.01978
510.6	0.01927
510.8	0.01879
511.0	0.01837
511.2	0.01811
511.4	0.01791
511.6	0.01764
511.8	0.01744
512.0	0.01733
512.2	0.01727
512.4	0.01729
512.6	0.01728
512.8	0.01744
513.0	0.01761
513.2	0.0179
513.4	0.01827
513.6	0.01871
513.8	0.01924
514.0	0.01993
514.2	0.02072
514.4	0.0217
514.6	0.0228
514.8	0.02415
515.0	0.02552
515.2	0.02697
515.4	0.02843
515.6	0.02977
515.8	0.03089
516.0	0.03193
516.2	0.0327
516.4	0.03332
516.6	0.03407
516.8	0.03483
517.0	0.03577
517.2	0.03687
517.4	0.03816
517.6	0.03952
517.8	0.04091
518.0	0.04251
518.2	0.04384
518.4	0.04494
518.6	0.04586
518.8	0.04612
519.0	0.04605
519.2	0.04534
519.4	0.04392
519.6	0.04234
519.8	0.04011
520.0	0.03771
520.2	0.03505
520.4	0.03254
520.6	0.02982
520.8	0.02738
521.0	0.02506
521.2	0.02288
521.4	0.02099
521.6	0.01918
521.8	0.01765
522.0	0.01629
522.2	0.01496
522.4	0.0138
522.6	0.01289
522.8	0.01198
523.0	0.01119
523.2	0.01056
523.4	0.00992
523.6	0.0094
523.8	0.00893
524.0	0.00855
524.2	0.0082
524.4	0.00789
524.6	0.00765
524.8	0.00743
525.0	0.00727
525.2	0.00714
525.4	0.00704
525.6	0.00699
525.8	0.007
526.0	0.00708
526.2	0.00717
526.4	0.00738
526.6	0.00775
526.8	0.00826
527.0	0.00907
527.2	0.0103
527.4	0.01194
527.6	0.01372
527.8	0.01482
528.0	0.01454
528.2	0.01311
528.4	0.0112
528.6	0.00966
528.8	0.00867
529.0	0.00814
529.2	0.00801
529.4	0.00807
529.6	0.00834
529.8	0.0087
530.0	0.00925
530.2	0.00987
530.4	0.01072
530.6	0.01169
530.8	0.01288
531.0	0.01437
531.2	0.01615
531.4	0.01838
531.6	0.02112
531.8	0.02435
532.0	0.02825
532.2	0.03276
532.4	0.03755
532.6	0.04241
532.8	0.04627
533.0	0.04811
533.2	0.0477
533.4	0.04476
533.6	0.0401
533.8	0.03451
534.0	0.02891
534.2	0.0239
534.4	0.01972
534.6	0.01636
534.8	0.01369
535.0	0.01151
535.2	0.00977
535.4	0.00832
535.6	0.00718
535.8	0.00626
536.0	0.0055
536.2	0.00482
536.4	0.00435
536.6	0.00388
536.8	0.00349
537.0	0.00316
537.2	0.00289
537.4	0.00266
537.6	0.00244
537.8	0.00226
538.0	0.00209
538.2	0.00195
538.4	0.00184
538.6	0.00173
538.8	0.0016
539.0	0.00153
539.2	0.00146
539.4	0.00138
539.6	0.00131
539.8	0.00125
540.0	0.00122
540.2	0.00117
540.4	0.00111
540.6	0.00109
540.8	0.00106
541.0	0.00101
541.2	9.7967e-04
541.4	9.6737e-04
541.6	9.2936e-04
541.8	9.2051e-04
542.0	8.9419e-04
542.2	8.8445e-04
542.4	8.7365e-04
542.6	8.4086e-04
542.8	8.2349e-04
543.0	9.8512e-04
543.2	0.00115
543.4	0.00113
543.6	0.00113
543.8	0.00111
544.0	0.00112
544.2	0.00111
544.4	0.00112
544.6	0.0011
544.8	0.00111
545.0	0.00109
545.2	0.00112
545.4	0.00112
545.6	0.00113
545.8	0.00113
546.0	0.00115
546.2	0.00114
546.4	0.00115
546.6	0.00115
546.8	0.00117
547.0	0.00116
547.2	0.0012
547.4	0.00121
547.6	0.00123
547.8	0.00123
548.0	0.00126
548.2	0.00127
548.4	0.0013
548.6	0.00133
548.8	0.00135
549.0	0.00138
549.2	0.0014
549.4	0.00144
549.6	0.00147
549.8	0.00151
550.0	0.00154
550.2	0.00157
550.4	0.00163
550.6	0.00166
550.8	0.00174
551.0	0.00181
551.2	0.00187
551.4	0.00193
551.6	0.002
551.8	0.00207
552.0	0.00217
552.2	0.00227
552.4	0.00238
552.6	0.00247
552.8	0.00259
553.0	0.00273
553.2	0.00288
553.4	0.00304
553.6	0.0032
553.8	0.00338
554.0	0.00359
554.2	0.0038
554.4	0.00405
554.6	0.00429
554.8	0.0046
555.0	0.0049
555.2	0.00523
555.4	0.00561
555.6	0.00595
555.8	0.00636
556.0	0.00679
556.2	0.00728
556.4	0.00775
556.6	0.00829
556.8	0.00884
557.0	0.00938
557.2	0.00992
557.4	0.01044
557.6	0.01106
557.8	0.01161
558.0	0.01213
558.2	0.01264
558.4	0.01312
558.6	0.01352
558.8	0.01385
559.0	0.01423
559.2	0.01447
559.4	0.01469
559.6	0.01482
559.8	0.0149
560.0	0.01491
560.2	0.01494
560.4	0.01498
560.6	0.01487
560.8	0.01479
561.0	0.01468
561.2	0.01458
561.4	0.01449
561.6	0.01441
561.8	0.01426
562.0	0.0142
562.2	0.01411
562.4	0.01407
562.6	0.01399
562.8	0.01394
563.0	0.01389
563.2	0.01393
563.4	0.01392
563.6	0.01393
563.8	0.014
564.0	0.0141
564.2	0.01411
564.4	0.01429
564.6	0.01444
564.8	0.01458
565.0	0.01474
565.2	0.01499
565.4	0.01522
565.6	0.01554
565.8	0.01584
566.0	0.01617
566.2	0.01659
566.4	0.01698
566.6	0.01736
566.8	0.01789
567.0	0.01843
567.2	0.01897
567.4	0.01964
567.6	0.02027
567.8	0.02104
568.0	0.02186
568.2	0.0227
568.4	0.0237
568.6	0.02465
568.8	0.0258
569.0	0.02709
569.2	0.02852
569.4	0.02986
569.6	0.03155
569.8	0.03317
570.0	0.03495
570.2	0.03703
570.4	0.03929
570.6	0.04172
570.8	0.04426
571.0	0.04724
571.2	0.05051
571.4	0.05402
571.6	0.05808
571.8	0.06232
572.0	0.06668
572.2	0.07146
572.4	0.07722
572.6	0.08314
572.8	0.0899
573.0	0.09731
573.2	0.10533
573.4	0.11403
573.6	0.12325
573.8	0.134
574.0	0.14545
574.2	0.15736
574.4	0.17049
574.6	0.18428
574.8	0.19957
575.0	0.21515
575.2	0.23083
575.4	0.2486
575.6	0.26472
575.8	0.28349
576.0	0.30096
576.2	0.3181
576.4	0.3361
576.6	0.35298
576.8	0.37003
577.0	0.38566
577.2	0.39946
577.4	0.41324
577.6	0.42675
577.8	0.43754
578.0	0.447
578.2	0.45577
578.4	0.46646
578.6	0.47177
578.8	0.47967
579.0	0.48604
579.2	0.49006
579.4	0.49467
579.6	0.49942
579.8	0.50553
580.0	0.50935
580.2	0.51573
580.4	0.52028
580.6	0.52463
580.8	0.53064
581.0	0.53704
581.2	0.54117
581.4	0.55086
581.6	0.55751
581.8	0.56785
582.0	0.57847
582.2	0.58948
582.4	0.60088
582.6	0.6127
582.8	0.62789
583.0	0.64218
583.2	0.65934
583.4	0.67566
583.6	0.69423
583.8	0.71281
584.0	0.73223
584.2	0.75249
584.4	0.77278
584.6	0.79278
584.8	0.81321
585.0	0.83124
585.2	0.84946
585.4	0.86655
585.6	0.88104
585.8	0.89556
586.0	0.90783
586.2	0.91867
586.4	0.92849
586.6	0.93539
586.8	0.94225
587.0	0.94637
587.2	0.94973
587.4	0.95239
587.6	0.9544
587.8	0.95509
588.0	0.9558
588.2	0.95636
588.4	0.95532
588.6	0.95505
588.8	0.95529
589.0	0.95409
589.2	0.95369
589.4	0.95313
589.6	0.95247
589.8	0.9523
590.0	0.95185
590.2	0.95096
590.4	0.95039
590.6	0.95091
590.8	0.95096
591.0	0.95053
591.2	0.95076
591.4	0.95039
591.6	0.95056
591.8	0.9504
592.0	0.95057
592.2	0.95058
592.4	0.9502
592.6	0.94992
592.8	0.94921
593.0	0.94975
593.2	0.94876
593.4	0.94876
593.6	0.94935
593.8	0.94862
594.0	0.94864
594.2	0.949
594.4	0.94809
594.6	0.94794
594.8	0.94722
595.0	0.94737
595.2	0.94683
595.4	0.94717
595.6	0.94767
595.8	0.94768
596.0	0.94831
596.2	0.94904
596.4	0.94944
596.6	0.95039
596.8	0.95147
597.0	0.95158
597.2	0.9522
597.4	0.95332
597.6	0.95399
597.8	0.95514
598.0	0.95659
598.2	0.95726
598.4	0.95833
598.6	0.95876
598.8	0.9599
599.0	0.96134
599.2	0.96127
599.4	0.9629
599.6	0.96364
599.8	0.96383
600.0	0.96511
600.2	0.9658
600.4	0.96638
600.6	0.96637
600.8	0.96626
601.0	0.96732
601.2	0.9677
601.4	0.96838
601.6	0.96853
601.8	0.96754
602.0	0.96783
602.2	0.9677
602.4	0.96769
602.6	0.96785
602.8	0.96716
603.0	0.96668
603.2	0.96625
603.4	0.96566
603.6	0.96456
603.8	0.96462
604.0	0.96416
604.2	0.96321
604.4	0.96261
604.6	0.96214
604.8	0.96102
605.0	0.96081
605.2	0.96095
605.4	0.95981
605.6	0.95885
605.8	0.95833
606.0	0.95878
606.2	0.95755
606.4	0.95811
606.6	0.95782
606.8	0.95815
607.0	0.9577
607.2	0.95737
607.4	0.95804
607.6	0.95775
607.8	0.95768
608.0	0.95763
608.2	0.95971
608.4	0.9587
608.6	0.95982
608.8	0.9602
609.0	0.96045
609.2	0.96112
609.4	0.96138
609.6	0.96244
609.8	0.96189
610.0	0.96242
610.2	0.963
610.4	0.96272
610.6	0.96315
610.8	0.96372
611.0	0.9635
611.2	0.96348
611.4	0.96276
611.6	0.96386
611.8	0.96289
612.0	0.96393
612.2	0.96406
612.4	0.96383
612.6	0.96362
612.8	0.96331
613.0	0.96289
613.2	0.96228
613.4	0.96168
613.6	0.96092
613.8	0.96073
614.0	0.95994
614.2	0.96
614.4	0.95866
614.6	0.95779
614.8	0.95681
615.0	0.95644
615.2	0.956
615.4	0.9555
615.6	0.95444
615.8	0.95316
616.0	0.95306
616.2	0.95242
616.4	0.95196
616.6	0.9507
616.8	0.95016
617.0	0.95024
617.2	0.94998
617.4	0.94917
617.6	0.94841
617.8	0.94929
618.0	0.94872
618.2	0.94882
618.4	0.94915
618.6	0.94958
618.8	0.94925
619.0	0.95028
619.2	0.9499
619.4	0.95073
619.6	0.95124
619.8	0.95213
620.0	0.95265
620.2	0.95294
620.4	0.9542
620.6	0.95526
620.8	0.95632
621.0	0.95685
621.2	0.95765
621.4	0.9595
621.6	0.96047
621.8	0.96039
622.0	0.96183
622.2	0.96179
622.4	0.96379
622.6	0.96438
622.8	0.96452
623.0	0.96593
623.2	0.96738
623.4	0.96716
623.6	0.96765
623.8	0.96864
624.0	0.96953
624.2	0.97081
624.4	0.97022
624.6	0.971
624.8	0.97125
625.0	0.97105
625.2	0.97054
625.4	0.97003
625.6	0.97075
625.8	0.97025
626.0	0.97
626.2	0.97073
626.4	0.9689
626.6	0.96874
626.8	0.96737
627.0	0.96735
627.2	0.96649
627.4	0.96597
627.6	0.96512
627.8	0.96388
628.0	0.96345
628.2	0.96264
628.4	0.96206
628.6	0.96011
628.8	0.95922
629.0	0.95899
629.2	0.9584
629.4	0.95704
629.6	0.95536
629.8	0.95486
630.0	0.95422
630.2	0.95382
630.4	0.95304
630.6	0.95237
630.8	0.95225
631.0	0.95075
631.2	0.95097
631.4	0.95035
631.6	0.94979
631.8	0.95006
632.0	0.95046
632.2	0.94989
632.4	0.95092
632.6	0.95071
632.8	0.95215
633.0	0.95188
633.2	0.95194
633.4	0.95225
633.6	0.95336
633.8	0.95409
634.0	0.95482
634.2	0.95589
634.4	0.95655
634.6	0.95765
634.8	0.95798
635.0	0.95892
635.2	0.96005
635.4	0.9612
635.6	0.96236
635.8	0.96374
636.0	0.96457
636.2	0.96576
636.4	0.96684
636.6	0.96872
636.8	0.96965
637.0	0.9698
637.2	0.97093
637.4	0.97244
637.6	0.97301
637.8	0.97454
638.0	0.97485
638.2	0.97631
638.4	0.97601
638.6	0.97738
638.8	0.97776
639.0	0.97821
639.2	0.97861
639.4	0.97871
639.6	0.97935
639.8	0.97818
640.0	0.97926
640.2	0.97977
640.4	0.97827
640.6	0.97791
640.8	0.97795
641.0	0.97777
641.2	0.97675
641.4	0.97702
641.6	0.97586
641.8	0.97547
642.0	0.97397
642.2	0.97412
642.4	0.97294
642.6	0.97253
642.8	0.97162
643.0	0.96985
643.2	0.96889
643.4	0.96738
643.6	0.96569
643.8	0.96498
644.0	0.96363
644.2	0.96368
644.4	0.9627
644.6	0.9624
644.8	0.96161
645.0	0.9607
645.2	0.96039
645.4	0.95843
645.6	0.95881
645.8	0.95778
646.0	0.95692
646.2	0.95664
646.4	0.95613
646.6	0.95536
646.8	0.95562
647.0	0.95591
647.2	0.95544
647.4	0.95521
647.6	0.95443
647.8	0.95523
648.0	0.95567
648.2	0.9555
648.4	0.95613
648.6	0.95596
648.8	0.95788
649.0	0.95805
649.2	0.95896
649.4	0.95963
649.6	0.9606
649.8	0.96034
650.0	0.96127
650.2	0.96154
650.4	0.96267
650.6	0.96295
650.8	0.96452
651.0	0.96569
651.2	0.96702
651.4	0.96752
651.6	0.96824
651.8	0.96946
652.0	0.9707
652.2	0.97117
652.4	0.97178
652.6	0.97332
652.8	0.97379
653.0	0.97398
653.2	0.97516
653.4	0.97628
653.6	0.97733
653.8	0.97676
654.0	0.97702
654.2	0.97751
654.4	0.97853
654.6	0.97877
654.8	0.97869
655.0	0.9785
655.2	0.9789
655.4	0.97901
655.6	0.97836
655.8	0.97882
656.0	0.97785
656.2	0.97869
656.4	0.97805
656.6	0.9774
656.8	0.97626
657.0	0.97603
657.2	0.97538
657.4	0.97492
657.6	0.97359
657.8	0.97319
658.0	0.97241
658.2	0.97188
658.4	0.97109
658.6	0.97042
658.8	0.9684
659.0	0.96819
659.2	0.96679
659.4	0.96688
659.6	0.96534
659.8	0.96424
660.0	0.96296
660.2	0.9618
660.4	0.96115
660.6	0.95967
660.8	0.9588
661.0	0.95856
661.2	0.95847
661.4	0.95731
661.6	0.95615
661.8	0.95603
662.0	0.95638
662.2	0.95564
662.4	0.95433
662.6	0.95376
662.8	0.954
663.0	0.95398
663.2	0.9535
663.4	0.95271
663.6	0.95249
663.8	0.9524
664.0	0.95312
664.2	0.95267
664.4	0.95359
664.6	0.95405
664.8	0.95438
665.0	0.95412
665.2	0.9552
665.4	0.955
665.6	0.95525
665.8	0.95553
666.0	0.9568
666.2	0.95729
666.4	0.95792
666.6	0.95894
666.8	0.96056
667.0	0.96154
667.2	0.96244
667.4	0.96264
667.6	0.9632
667.8	0.96554
668.0	0.96552
668.2	0.96695
668.4	0.96775
668.6	0.96882
668.8	0.96947
669.0	0.97
669.2	0.97127
669.4	0.97184
669.6	0.97341
669.8	0.97428
670.0	0.97479
670.2	0.97479
670.4	0.97631
670.6	0.97727
670.8	0.977
671.0	0.97814
671.2	0.97872
671.4	0.97932
671.6	0.98027
671.8	0.97971
672.0	0.98067
672.2	0.98096
672.4	0.98067
672.6	0.98042
672.8	0.98061
673.0	0.98007
673.2	0.97984
673.4	0.97934
673.6	0.97937
673.8	0.97858
674.0	0.97867
674.2	0.97688
674.4	0.97683
674.6	0.97655
674.8	0.97646
675.0	0.97639
675.2	0.97491
675.4	0.97378
675.6	0.97324
675.8	0.97236
676.0	0.97167
676.2	0.97143
676.4	0.97079
676.6	0.97011
676.8	0.96812
677.0	0.96803
677.2	0.96748
677.4	0.9663
677.6	0.96613
677.8	0.9648
678.0	0.96525
678.2	0.96382
678.4	0.96325
678.6	0.96209
678.8	0.96131
679.0	0.96159
679.2	0.96
679.4	0.96031
679.6	0.96023
679.8	0.95939
680.0	0.9581
680.2	0.95844
680.4	0.95789
680.6	0.95741
680.8	0.95731
681.0	0.95771
681.2	0.9583
681.4	0.95736
681.6	0.95783
681.8	0.95809
682.0	0.95799
682.2	0.95809
682.4	0.95866
682.6	0.95815
682.8	0.95892
683.0	0.95882
683.2	0.9596
683.4	0.9602
683.6	0.96016
683.8	0.9601
684.0	0.96107
684.2	0.96178
684.4	0.96268
684.6	0.96271
684.8	0.96398
685.0	0.96517
685.2	0.96517
685.4	0.96656
685.6	0.96659
685.8	0.9671
686.0	0.96842
686.2	0.96853
686.4	0.96907
686.6	0.9699
686.8	0.9694
687.0	0.97006
687.2	0.97052
687.4	0.97081
687.6	0.9729
687.8	0.97367
688.0	0.97353
688.2	0.97435
688.4	0.9744
688.6	0.97501
688.8	0.97598
689.0	0.97494
689.2	0.97581
689.4	0.9755
689.6	0.9763
689.8	0.97698
690.0	0.97567
690.2	0.97595
690.4	0.97642
690.6	0.9756
690.8	0.97638
691.0	0.9749
691.2	0.97444
691.4	0.97521
691.6	0.97547
691.8	0.97438
692.0	0.97433
692.2	0.97397
692.4	0.97389
692.6	0.97252
692.8	0.97277
693.0	0.97174
693.2	0.9717
693.4	0.97166
693.6	0.97061
693.8	0.96906
694.0	0.96849
694.2	0.96804
694.4	0.96805
694.6	0.96635
694.8	0.96636
695.0	0.96496
695.2	0.96552
695.4	0.96441
695.6	0.96466
695.8	0.96347
696.0	0.96364
696.2	0.96203
696.4	0.96312
696.6	0.96181
696.8	0.961
697.0	0.96043
697.2	0.96064
697.4	0.9596
697.6	0.95934
697.8	0.95827
698.0	0.95843
698.2	0.95875
698.4	0.95802
698.6	0.95834
698.8	0.95829
699.0	0.95831
699.2	0.95797
699.4	0.95814
699.6	0.95815
699.8	0.9578
700.0	0.95839
700.2	0.95833
700.4	0.9577
700.6	0.959
700.8	0.95872
701.0	0.95898
701.2	0.95994
701.4	0.95962
701.6	0.96023
701.8	0.96109
702.0	0.96087
702.2	0.962
702.4	0.96243
702.6	0.9626
702.8	0.96328
703.0	0.96326
703.2	0.96436
703.4	0.966
703.6	0.96669
703.8	0.96713
704.0	0.96719
704.2	0.96759
704.4	0.96876
704.6	0.96939
704.8	0.96989
705.0	0.97045
705.2	0.97143
705.4	0.9714
705.6	0.97238
705.8	0.97198
706.0	0.97333
706.2	0.97361
706.4	0.97412
706.6	0.97415
706.8	0.97419
707.0	0.97478
707.2	0.97556
707.4	0.97499
707.6	0.9754
707.8	0.97661
708.0	0.97732
708.2	0.97801
708.4	0.97787
708.6	0.97809
708.8	0.97811
709.0	0.97794
709.2	0.9776
709.4	0.97761
709.6	0.97734
709.8	0.97715
710.0	0.97696
710.2	0.97691
710.4	0.97641
710.6	0.97601
710.8	0.97664
711.0	0.97555
711.2	0.97511
711.4	0.97342
711.6	0.97463
711.8	0.9725
712.0	0.97288
712.2	0.97243
712.4	0.97136
712.6	0.97151
712.8	0.97083
713.0	0.97144
713.2	0.97078
713.4	0.96963
713.6	0.96902
713.8	0.96804
714.0	0.96735
714.2	0.96699
714.4	0.96602
714.6	0.96544
714.8	0.96562
715.0	0.96415
715.2	0.96298
715.4	0.96274
715.6	0.96265
715.8	0.9616
716.0	0.96159
716.2	0.96137
716.4	0.95979
716.6	0.95957
716.8	0.95941
717.0	0.9585
717.2	0.95659
717.4	0.95706
717.6	0.95797
717.8	0.95705
718.0	0.95649
718.2	0.95672
718.4	0.95615
718.6	0.95599
718.8	0.95577
719.0	0.95503
719.2	0.95541
719.4	0.9554
719.6	0.95473
719.8	0.95516
720.0	0.9546
720.2	0.95529
720.4	0.95631
720.6	0.95622
720.8	0.95573
721.0	0.95561
721.2	0.95472
721.4	0.95576
721.6	0.95589
721.8	0.95636
722.0	0.95716
722.2	0.95779
722.4	0.95746
722.6	0.95822
722.8	0.95863
723.0	0.95864
723.2	0.95995
723.4	0.95937
723.6	0.95964
723.8	0.95902
724.0	0.96075
724.2	0.96058
724.4	0.96149
724.6	0.96235
724.8	0.96163
725.0	0.96243
725.2	0.96368
725.4	0.96567
725.6	0.96519
725.8	0.96539
726.0	0.96568
726.2	0.96624
726.4	0.96633
726.6	0.96651
726.8	0.96724
727.0	0.96755
727.2	0.96771
727.4	0.96804
727.6	0.96887
727.8	0.96897
728.0	0.96929
728.2	0.96905
728.4	0.96922
728.6	0.96942
728.8	0.9695
729.0	0.96961
729.2	0.96991
729.4	0.9699
729.6	0.97026
729.8	0.97056
730.0	0.97036
730.2	0.97098
730.4	0.97091
730.6	0.97144
730.8	0.97023
731.0	0.9707
731.2	0.96967
731.4	0.97004
731.6	0.97145
731.8	0.97027
732.0	0.96932
732.2	0.96909
732.4	0.9682
732.6	0.96788
732.8	0.96774
733.0	0.96826
733.2	0.9684
733.4	0.96736
733.6	0.968
733.8	0.96758
734.0	0.96728
734.2	0.96625
734.4	0.96538
734.6	0.96474
734.8	0.96423
735.0	0.96425
735.2	0.96435
735.4	0.96328
735.6	0.96303
735.8	0.96281
736.0	0.96265
736.2	0.96236
736.4	0.96191
736.6	0.96188
736.8	0.96232
737.0	0.96172
737.2	0.96171
737.4	0.96159
737.6	0.96194
737.8	0.96104
738.0	0.96014
738.2	0.96009
738.4	0.95882
738.6	0.95881
738.8	0.95927
739.0	0.95857
739.2	0.95932
739.4	0.95895
739.6	0.95902
739.8	0.95939
740.0	0.95932
740.2	0.95817
740.4	0.95805
740.6	0.9589
740.8	0.95908
741.0	0.95877
741.2	0.95988
741.4	0.95985
741.6	0.96051
741.8	0.95985
742.0	0.96034
742.2	0.9603
742.4	0.96082
742.6	0.96068
742.8	0.96089
743.0	0.96172
743.2	0.96207
743.4	0.96168
743.6	0.96137
743.8	0.96146
744.0	0.96192
744.2	0.9625
744.4	0.96366
744.6	0.96293
744.8	0.96359
745.0	0.96418
745.2	0.96538
745.4	0.9652
745.6	0.96646
745.8	0.96542
746.0	0.96623
746.2	0.96677
746.4	0.96657
746.6	0.96703
746.8	0.96819
747.0	0.96822
747.2	0.96863
747.4	0.96914
747.6	0.9688
747.8	0.96986
748.0	0.97047
748.2	0.97082
748.4	0.97128
748.6	0.97085
748.8	0.97131
749.0	0.97189
749.2	0.97251
749.4	0.97274
749.6	0.97289
749.8	0.97315
750.0	0.97334
750.2	0.97341
750.4	0.97369
750.6	0.97391
750.8	0.97419
751.0	0.97422
751.2	0.9739
751.4	0.97421
751.6	0.97502
751.8	0.97529
752.0	0.97517
752.2	0.97398
752.4	0.97521
752.6	0.97551
752.8	0.97505
753.0	0.97462
753.2	0.97455
753.4	0.97469
753.6	0.97529
753.8	0.97464
754.0	0.97457
754.2	0.97532
754.4	0.97507
754.6	0.97422
754.8	0.97414
755.0	0.97436
755.2	0.97509
755.4	0.97462
755.6	0.97412
755.8	0.9732
756.0	0.97328
756.2	0.9731
756.4	0.97264
756.6	0.97336
756.8	0.97322
757.0	0.97386
757.2	0.97331
757.4	0.97279
757.6	0.97246
757.8	0.97123
758.0	0.97212
758.2	0.97176
758.4	0.97188
758.6	0.97135
758.8	0.9706
759.0	0.9713
759.2	0.97139
759.4	0.97119
759.6	0.97125
759.8	0.97223
760.0	0.97143
760.2	0.97165
760.4	0.97129
760.6	0.97147
760.8	0.97109
761.0	0.97153
761.2	0.97158
761.4	0.97114
761.6	0.97195
761.8	0.97104
762.0	0.97138
762.2	0.97097
762.4	0.97143
762.6	0.97156
762.8	0.97092
763.0	0.97112
763.2	0.97119
763.4	0.97114
763.6	0.97247
763.8	0.97114
764.0	0.97145
764.2	0.97218
764.4	0.97279
764.6	0.97323
764.8	0.97393
765.0	0.97419
765.2	0.97474
765.4	0.97427
765.6	0.97416
765.8	0.97441
766.0	0.97514
766.2	0.97499
766.4	0.97514
766.6	0.97537
766.8	0.97566
767.0	0.97522
767.2	0.97563
767.4	0.97542
767.6	0.97619
767.8	0.97633
768.0	0.97662
768.2	0.97675
768.4	0.97654
768.6	0.97753
768.8	0.97693
769.0	0.9766
769.2	0.97734
769.4	0.97785
769.6	0.97728
769.8	0.97758
770.0	0.97816
770.2	0.97812
770.4	0.97903
770.6	0.97916
770.8	0.97933
771.0	0.97926
771.2	0.9789
771.4	0.97893
771.6	0.97948
771.8	0.97913
772.0	0.97858
772.2	0.97884
772.4	0.97872
772.6	0.97934
772.8	0.97907
773.0	0.97969
773.2	0.97989
773.4	0.97999
773.6	0.97893
773.8	0.97927
774.0	0.97908
774.2	0.97855
774.4	0.97847
774.6	0.97806
774.8	0.97854
775.0	0.97747
775.2	0.97707
775.4	0.97814
775.6	0.97755
775.8	0.97815
776.0	0.97755
776.2	0.97757
776.4	0.97788
776.6	0.97804
776.8	0.97714
777.0	0.97642
777.2	0.97619
777.4	0.97663
777.6	0.97645
777.8	0.9774
778.0	0.97671
778.2	0.97659
778.4	0.97566
778.6	0.97574
778.8	0.97564
779.0	0.97518
779.2	0.97511
779.4	0.9745
779.6	0.9754
779.8	0.97522
780.0	0.97505
780.2	0.97456
780.4	0.97369
780.6	0.97347
780.8	0.97323
781.0	0.97374
781.2	0.97342
781.4	0.97374
781.6	0.97309
781.8	0.97291
782.0	0.97356
782.2	0.97278
782.4	0.97303
782.6	0.97331
782.8	0.97218
783.0	0.972
783.2	0.97228
783.4	0.97248
783.6	0.97296
783.8	0.97203
784.0	0.9724
784.2	0.97212
784.4	0.9719
784.6	0.97118
784.8	0.9712
785.0	0.97136
785.2	0.97193
785.4	0.97267
785.6	0.97333
785.8	0.97291
786.0	0.97252
786.2	0.97212
786.4	0.97309
786.6	0.97212
786.8	0.97229
787.0	0.97326
787.2	0.97295
787.4	0.97359
787.6	0.97295
787.8	0.97324
788.0	0.97333
788.2	0.97356
788.4	0.97425
788.6	0.97414
788.8	0.97353
789.0	0.9746
789.2	0.97527
789.4	0.97501
789.6	0.97545
789.8	0.97443
790.0	0.97524
790.2	0.9751
790.4	0.97445
790.6	0.97532
790.8	0.97523
791.0	0.97509
791.2	0.97615
791.4	0.97591
791.6	0.97648
791.8	0.97566
792.0	0.97579
792.2	0.97621
792.4	0.97582
792.6	0.97668
792.8	0.97606
793.0	0.97582
793.2	0.97639
793.4	0.97633
793.6	0.97625
793.8	0.97623
794.0	0.97637
794.2	0.9761
794.4	0.97618
794.6	0.97572
794.8	0.97654
795.0	0.97624
795.2	0.97591
795.4	0.97597
795.6	0.97554
795.8	0.97566
796.0	0.97635
796.2	0.97562
796.4	0.97538
796.6	0.97554
796.8	0.97553
797.0	0.97537
797.2	0.97583
797.4	0.97516
797.6	0.97489
797.8	0.97435
798.0	0.97449
798.2	0.97478
798.4	0.97448
798.6	0.97355
798.8	0.97342
799.0	0.97366
799.2	0.97338
799.4	0.97377
799.6	0.97346
799.8	0.97378
800.0	0.97349
800.2	0.97353
800.4	0.97256
800.6	0.97214
800.8	0.9726
801.0	0.97229
801.2	0.97227
801.4	0.97138
801.6	0.97132
801.8	0.97182
802.0	0.97166
802.2	0.9707
802.4	0.97083
802.6	0.9708
802.8	0.97049
803.0	0.97109
803.2	0.97093
803.4	0.9696
803.6	0.97006
803.8	0.97007
804.0	0.96983
804.2	0.96934
804.4	0.96924
804.6	0.96857
804.8	0.96864
805.0	0.96919
805.2	0.96927
805.4	0.96872
805.6	0.96813
805.8	0.96807
806.0	0.96812
806.2	0.96795
806.4	0.96722
806.6	0.96734
806.8	0.96807
807.0	0.96795
807.2	0.96791
807.4	0.96794
807.6	0.96691
807.8	0.9681
808.0	0.9671
808.2	0.96841
808.4	0.96865
808.6	0.9691
808.8	0.96878
809.0	0.96818
809.2	0.96766
809.4	0.96878
809.6	0.96855
809.8	0.96832
810.0	0.96872
810.2	0.96814
810.4	0.96871
810.6	0.96801
810.8	0.96875
811.0	0.96819
811.2	0.96858
811.4	0.96833
811.6	0.96807
811.8	0.96862
812.0	0.96802
812.2	0.96883
812.4	0.96859
812.6	0.9695
812.8	0.96882
813.0	0.96829
813.2	0.96942
813.4	0.96964
813.6	0.9692
813.8	0.96932
814.0	0.96973
814.2	0.97052
814.4	0.97002
814.6	0.97036
814.8	0.97023
815.0	0.96981
815.2	0.96987
815.4	0.97051
815.6	0.97058
815.8	0.97072
816.0	0.97092
816.2	0.97046
816.4	0.97046
816.6	0.96996
816.8	0.97087
817.0	0.97099
817.2	0.97037
817.4	0.97017
817.6	0.97096
817.8	0.9712
818.0	0.97073
818.2	0.97067
818.4	0.97047
818.6	0.97003
818.8	0.97036
819.0	0.97031
819.2	0.97043
819.4	0.96953
819.6	0.97045
819.8	0.97046
820.0	0.97073
820.2	0.97048
820.4	0.97023
820.6	0.96942
820.8	0.96947
821.0	0.96953
821.2	0.96952
821.4	0.96895
821.6	0.96922
821.8	0.96967
822.0	0.96898
822.2	0.9685
822.4	0.96891
822.6	0.96872
822.8	0.96907
823.0	0.96774
823.2	0.96748
823.4	0.96761
823.6	0.9677
823.8	0.9674
824.0	0.96735
824.2	0.9673
824.4	0.96733
824.6	0.96727
824.8	0.96778
825.0	0.9676
825.2	0.96831
825.4	0.96842
825.6	0.96787
825.8	0.96758
826.0	0.9664
826.2	0.96712
826.4	0.96731
826.6	0.96689
826.8	0.96628
827.0	0.96614
827.2	0.96598
827.4	0.96501
827.6	0.96535
827.8	0.96569
828.0	0.96576
828.2	0.96498
828.4	0.96491
828.6	0.96442
828.8	0.96486
829.0	0.96493
829.2	0.9652
829.4	0.96447
829.6	0.96411
829.8	0.96488
830.0	0.9641
830.2	0.96497
830.4	0.965
830.6	0.96425
830.8	0.96353
831.0	0.96366
831.2	0.96477
831.4	0.96489
831.6	0.96405
831.8	0.96442
832.0	0.96467
832.2	0.96445
832.4	0.9646
832.6	0.96534
832.8	0.96538
833.0	0.9642
833.2	0.96413
833.4	0.96462
833.6	0.96447
833.8	0.9651
834.0	0.96514
834.2	0.96458
834.4	0.96541
834.6	0.96499
834.8	0.9647
835.0	0.96521
835.2	0.96603
835.4	0.9659
835.6	0.96617
835.8	0.9658
836.0	0.96593
836.2	0.96687
836.4	0.96734
836.6	0.96644
836.8	0.96652
837.0	0.96668
837.2	0.96777
837.4	0.96803
837.6	0.96793
837.8	0.96817
838.0	0.96873
838.2	0.96904
838.4	0.96961
838.6	0.96891
838.8	0.96944
839.0	0.96869
839.2	0.96884
839.4	0.96955
839.6	0.96972
839.8	0.96951
840.0	0.97096
840.2	0.97164
840.4	0.97123
840.6	0.97152
840.8	0.97091
841.0	0.97126
841.2	0.97175
841.4	0.9721
841.6	0.97175
841.8	0.97121
842.0	0.97204
842.2	0.97186
842.4	0.97211
842.6	0.97255
842.8	0.97325
843.0	0.97257
843.2	0.9726
843.4	0.97388
843.6	0.97384
843.8	0.97411
844.0	0.97363
844.2	0.97409
844.4	0.97394
844.6	0.97411
844.8	0.97462
845.0	0.97534
845.2	0.97403
845.4	0.97409
845.6	0.97348
845.8	0.97452
846.0	0.97466
846.2	0.97448
846.4	0.97473
846.6	0.97426
846.8	0.9739
847.0	0.97361
847.2	0.97352
847.4	0.97383
847.6	0.97401
847.8	0.97347
848.0	0.97375
848.2	0.9737
848.4	0.97451
848.6	0.97469
848.8	0.97398
849.0	0.97342
849.2	0.97329
849.4	0.97289
849.6	0.97427
849.8	0.97303
850.0	0.97382
850.2	0.97358
850.4	0.97274
850.6	0.97333
850.8	0.97298
851.0	0.97256
851.2	0.9732
851.4	0.97286
851.6	0.97287
851.8	0.9725
852.0	0.97224
852.2	0.97174
852.4	0.97031
852.6	0.97054
852.8	0.97081
853.0	0.9703
853.2	0.97044
853.4	0.97063
853.6	0.9709
853.8	0.97102
854.0	0.97097
854.2	0.97044
854.4	0.97073
854.6	0.96909
854.8	0.96892
855.0	0.9688
855.2	0.96914
855.4	0.96889
855.6	0.96802
855.8	0.96691
856.0	0.96794
856.2	0.96839
856.4	0.96742
856.6	0.96756
856.8	0.96808
857.0	0.96729
857.2	0.96692
857.4	0.96697
857.6	0.96643
857.8	0.96638
858.0	0.96648
858.2	0.96596
858.4	0.96643
858.6	0.96672
858.8	0.96608
859.0	0.96714
859.2	0.96705
859.4	0.96719
859.6	0.96773
859.8	0.96644
860.0	0.96591
860.2	0.96598
860.4	0.96709
860.6	0.96683
860.8	0.96665
861.0	0.96724
861.2	0.96762
861.4	0.96787
861.6	0.9675
861.8	0.9692
862.0	0.96906
862.2	0.96881
862.4	0.96861
862.6	0.9692
862.8	0.96858
863.0	0.96926
863.2	0.96902
863.4	0.96911
863.6	0.96904
863.8	0.9692
864.0	0.96991
864.2	0.96954
864.4	0.96981
864.6	0.97023
864.8	0.97029
865.0	0.9715
865.2	0.97175
865.4	0.97306
865.6	0.97375
865.8	0.973
866.0	0.97342
866.2	0.97281
866.4	0.97306
866.6	0.97402
866.8	0.97368
867.0	0.9733
867.2	0.97381
867.4	0.97385
867.6	0.97414
867.8	0.97534
868.0	0.97474
868.2	0.9742
868.4	0.97618
868.6	0.97598
868.8	0.97616
869.0	0.97562
869.2	0.97688
869.4	0.97628
869.6	0.97679
869.8	0.97763
870.0	0.97686
870.2	0.97762
870.4	0.97805
870.6	0.97818
870.8	0.97919
871.0	0.97875
871.2	0.97912
871.4	0.97845
871.6	0.97858
871.8	0.97884
872.0	0.97867
872.2	0.97927
872.4	0.97968
872.6	0.97852
872.8	0.97793
873.0	0.97802
873.2	0.97739
873.4	0.97788
873.6	0.97869
873.8	0.97898
874.0	0.97916
874.2	0.9785
874.4	0.97906
874.6	0.97837
874.8	0.97794
875.0	0.97832
875.2	0.97949
875.4	0.97867
875.6	0.97904
875.8	0.97863
876.0	0.97913
876.2	0.97868
876.4	0.97739
876.6	0.97602
876.8	0.97727
877.0	0.97725
877.2	0.97685
877.4	0.97607
877.6	0.976
877.8	0.97598
878.0	0.97628
878.2	0.97624
878.4	0.97584
878.6	0.97542
878.8	0.97525
879.0	0.97541
879.2	0.97436
879.4	0.97456
879.6	0.97502
879.8	0.97429
880.0	0.97337
880.2	0.97303
880.4	0.97266
880.6	0.97291
880.8	0.97237
881.0	0.97234
881.2	0.9724
881.4	0.97198
881.6	0.97258
881.8	0.9735
882.0	0.97427
882.2	0.97247
882.4	0.97114
882.6	0.96995
882.8	0.96993
883.0	0.96975
883.2	0.97006
883.4	0.97018
883.6	0.96907
883.8	0.97032
884.0	0.96936
884.2	0.96934
884.4	0.96922
884.6	0.96892
884.8	0.96807
885.0	0.96915
885.2	0.96976
885.4	0.96929
885.6	0.96893
885.8	0.96834
886.0	0.96812
886.2	0.96829
886.4	0.96848
886.6	0.96861
886.8	0.96788
887.0	0.96885
887.2	0.96806
887.4	0.9684
887.6	0.9683
887.8	0.96746
888.0	0.96789
888.2	0.9683
888.4	0.96749
888.6	0.96777
888.8	0.96808
889.0	0.96845
889.2	0.96873
889.4	0.96762
889.6	0.96753
889.8	0.96741
890.0	0.96777
890.2	0.96785
890.4	0.96844
890.6	0.96962
890.8	0.96987
891.0	0.96971
891.2	0.96938
891.4	0.96878
891.6	0.96848
891.8	0.96901
892.0	0.96922
892.2	0.96962
892.4	0.96995
892.6	0.97012
892.8	0.9699
893.0	0.97049
893.2	0.97039
893.4	0.96968
893.6	0.96976
893.8	0.96819
894.0	0.96941
894.2	0.97068
894.4	0.97101
894.6	0.97049
894.8	0.97063
895.0	0.97133
895.2	0.97164
895.4	0.97219
895.6	0.97199
895.8	0.97274
896.0	0.97276
896.2	0.97329
896.4	0.97405
896.6	0.97509
896.8	0.97386
897.0	0.97448
897.2	0.97484
897.4	0.9761
897.6	0.97605
897.8	0.97609
898.0	0.97584
898.2	0.97565
898.4	0.97559
898.6	0.97663
898.8	0.97681
899.0	0.97654
899.2	0.97602
899.4	0.97762
899.6	0.97816
899.8	0.97664
900.0	0.97747
900.2	0.9784
900.4	0.97834
900.6	0.97963
900.8	0.97812
901.0	0.97838
901.2	0.97824
901.4	0.97874
901.6	0.97905
901.8	0.97961
902.0	0.97849
902.2	0.9796
902.4	0.97858
902.6	0.97926
902.8	0.97961
903.0	0.97892
903.2	0.97819
903.4	0.97819
903.6	0.97914
903.8	0.97809
904.0	0.97828
904.2	0.97758
904.4	0.97848
904.6	0.97867
904.8	0.97897
905.0	0.97841
905.2	0.97799
905.4	0.97795
905.6	0.97825
905.8	0.97889
906.0	0.97887
906.2	0.97924
906.4	0.97888
906.6	0.97805
906.8	0.97832
907.0	0.97792
907.2	0.97691
907.4	0.97672
907.6	0.97636
907.8	0.97707
908.0	0.97637
908.2	0.97575
908.4	0.97578
908.6	0.97509
908.8	0.97571
909.0	0.97575
909.2	0.97491
909.4	0.97491
909.6	0.97521
909.8	0.97477
910.0	0.97407
910.2	0.97359
910.4	0.97303
910.6	0.97292
910.8	0.97308
911.0	0.97324
911.2	0.97305
911.4	0.97262
911.6	0.97276
911.8	0.97233
912.0	0.97161
912.2	0.97158
912.4	0.97065
912.6	0.97043
912.8	0.97053
913.0	0.96981
913.2	0.97016
913.4	0.96877
913.6	0.9679
913.8	0.96857
914.0	0.96836
914.2	0.96743
914.4	0.96854
914.6	0.96762
914.8	0.9668
915.0	0.96615
915.2	0.96589
915.4	0.96575
915.6	0.96522
915.8	0.96602
916.0	0.96576
916.2	0.96474
916.4	0.96511
916.6	0.96456
916.8	0.9652
917.0	0.9656
917.2	0.96564
917.4	0.96486
917.6	0.96459
917.8	0.96489
918.0	0.96565
918.2	0.96486
918.4	0.96547
918.6	0.96553
918.8	0.96494
919.0	0.96507
919.2	0.96551
919.4	0.96605
919.6	0.96604
919.8	0.96558
920.0	0.96496
920.2	0.96415
920.4	0.96456
920.6	0.9639
920.8	0.96543
921.0	0.96489
921.2	0.96538
921.4	0.96583
921.6	0.96523
921.8	0.9654
922.0	0.96599
922.2	0.96552
922.4	0.96574
922.6	0.96567
922.8	0.9651
923.0	0.96724
923.2	0.96632
923.4	0.9669
923.6	0.96781
923.8	0.96821
924.0	0.96755
924.2	0.96848
924.4	0.96944
924.6	0.96919
924.8	0.96955
925.0	0.96911
925.2	0.9697
925.4	0.97039
925.6	0.97049
925.8	0.97101
926.0	0.97083
926.2	0.97211
926.4	0.97132
926.6	0.97168
926.8	0.97224
927.0	0.97216
927.2	0.97258
927.4	0.97243
927.6	0.97281
927.8	0.97333
928.0	0.97332
928.2	0.97229
928.4	0.9733
928.6	0.9733
928.8	0.97404
929.0	0.97424
929.2	0.97526
929.4	0.975
929.6	0.97438
929.8	0.97585
930.0	0.97559
930.2	0.976
930.4	0.97418
930.6	0.97473
930.8	0.97575
931.0	0.9752
931.2	0.97596
931.4	0.97673
931.6	0.97749
931.8	0.97826
932.0	0.97902
932.2	0.97872
932.4	0.97917
932.6	0.97936
932.8	0.97876
933.0	0.97873
933.2	0.97977
933.4	0.98
933.6	0.97999
933.8	0.98031
934.0	0.98008
934.2	0.98109
934.4	0.98008
934.6	0.97922
934.8	0.97923
935.0	0.98031
935.2	0.98043
935.4	0.98021
935.6	0.97965
935.8	0.97997
936.0	0.97946
936.2	0.97944
936.4	0.98037
936.6	0.98043
936.8	0.98065
937.0	0.98037
937.2	0.97946
937.4	0.97995
937.6	0.98001
937.8	0.97888
938.0	0.97857
938.2	0.97775
938.4	0.97773
938.6	0.97792
938.8	0.97753
939.0	0.97736
939.2	0.97715
939.4	0.9766
939.6	0.97772
939.8	0.97674
940.0	0.97659
940.2	0.97665
940.4	0.97551
940.6	0.97513
940.8	0.97592
941.0	0.97548
941.2	0.97531
941.4	0.97459
941.6	0.97471
941.8	0.9742
942.0	0.9734
942.2	0.97305
942.4	0.97297
942.6	0.97305
942.8	0.97218
943.0	0.97139
943.2	0.97118
943.4	0.97165
943.6	0.97101
943.8	0.97074
944.0	0.97084
944.2	0.96801
944.4	0.96916
944.6	0.96849
944.8	0.96741
945.0	0.96728
945.2	0.96761
945.4	0.96776
945.6	0.96739
945.8	0.96586
946.0	0.96621
946.2	0.96558
946.4	0.96613
946.6	0.96615
946.8	0.96552
947.0	0.96499
947.2	0.96571
947.4	0.9654
947.6	0.9655
947.8	0.96583
948.0	0.96547
948.2	0.96423
948.4	0.96453
948.6	0.96368
948.8	0.96448
949.0	0.96486
949.2	0.96534
949.4	0.96518
949.6	0.96463
949.8	0.96478
950.0	0.96529
950.2	0.96361
950.4	0.9632
950.6	0.96378
950.8	0.96408
951.0	0.96478
951.2	0.96334
951.4	0.96412
951.6	0.96484
951.8	0.96367
952.0	0.96427
952.2	0.965
952.4	0.9652
952.6	0.96501
952.8	0.96506
953.0	0.96523
953.2	0.96532
953.4	0.96613
953.6	0.96721
953.8	0.96651
954.0	0.96676
954.2	0.96739
954.4	0.96746
954.6	0.96723
954.8	0.9677
955.0	0.96868
955.2	0.96958
955.4	0.9698
955.6	0.96959
955.8	0.97011
956.0	0.96995
956.2	0.96944
956.4	0.96948
956.6	0.96822
956.8	0.96682
957.0	0.9667
957.2	0.96705
957.4	0.96845
957.6	0.97053
957.8	0.97186
958.0	0.97199
958.2	0.97163
958.4	0.97243
958.6	0.97309
958.8	0.9729
959.0	0.9744
959.2	0.97474
959.4	0.9751
959.6	0.97538
959.8	0.97555
960.0	0.9752
