340.66	1134.89
341.05	1134.89
341.43	1134.89
341.81	1057.83
342.20	1058.96
342.58	1014.44
342.96	1007.21
343.35	995.23
343.73	997.04
344.11	977.60
344.49	994.55
344.88	969.24
345.26	983.93
345.64	999.30
346.03	998.39
346.41	991.39
346.79	1014.21
347.17	1002.91
347.56	1012.63
347.94	1030.48
348.32	1037.94
348.70	1049.24
349.09	1072.97
349.47	1036.81
349.85	1060.99
350.24	1084.49
350.62	1140.76
351.00	1132.17
351.38	1122.46
351.76	1143.02
352.15	1131.27
352.53	1147.77
352.91	1153.64
353.29	1176.47
353.68	1171.27
354.06	1165.17
354.44	1175.34
354.82	1178.27
355.20	1178.05
355.59	1180.08
355.97	1202.68
356.35	1183.25
356.73	1216.01
357.11	1208.10
357.50	1223.92
357.88	1221.66
358.26	1192.74
358.64	1186.64
359.02	1200.42
359.40	1204.49
359.79	1213.75
360.17	1202.68
360.55	1192.29
360.93	1179.63
361.31	1201.78
361.69	1206.52
362.07	1212.17
362.46	1182.79
362.84	1209.46
363.22	1201.32
363.60	1195.00
363.98	1204.94
364.36	1198.16
364.74	1211.95
365.12	1209.69
365.51	1183.92
365.89	1199.29
366.27	1213.08
366.65	1187.54
367.03	1188.67
367.41	1185.73
367.79	1211.72
368.17	1201.78
368.55	1205.62
368.93	1206.75
369.31	1205.17
369.69	1180.31
370.08	1199.97
370.46	1209.46
370.84	1199.74
371.22	1192.51
371.60	1192.06
371.98	1206.75
372.36	1209.46
372.74	1187.31
373.12	1197.03
373.50	1187.99
373.88	1210.14
374.26	1200.42
374.64	1198.84
375.02	1217.60
375.40	1208.33
375.78	1212.85
376.16	1209.91
376.54	1202.45
376.92	1190.03
377.30	1211.04
377.68	1220.76
378.06	1200.42
378.44	1167.43
378.82	1193.87
379.20	1202.68
379.58	1215.11
379.96	1197.03
380.34	1205.62
380.72	1204.49
381.10	1194.32
381.48	1209.46
381.86	1216.69
382.24	1192.74
382.62	1207.20
383.00	1203.58
383.37	1195.90
383.75	1206.52
384.13	1198.39
384.51	1178.73
384.89	1187.99
385.27	1217.82
385.65	1200.19
386.03	1203.58
386.41	1214.66
386.79	1196.80
387.17	1199.52
387.55	1206.97
387.92	1202.45
388.30	1222.11
388.68	1206.52
389.06	1199.29
389.44	1211.49
389.82	1221.66
390.20	1208.78
390.58	1204.26
390.95	1207.88
391.33	1204.49
391.71	1216.24
392.09	1197.26
392.47	1198.84
392.85	1211.27
393.23	1206.52
393.60	1199.29
393.98	1184.15
394.36	1205.17
394.74	1218.27
395.12	1217.60
395.49	1221.21
395.87	1197.48
396.25	1215.34
396.63	1211.72
397.01	1215.34
397.39	1201.10
397.76	1209.23
398.14	1207.88
398.52	1187.54
398.90	1213.98
399.27	1189.35
399.65	1216.01
400.03	1217.14
400.41	1208.56
400.79	1212.40
401.16	1209.23
401.54	1215.34
401.92	1230.70
402.30	1199.06
402.67	1220.76
403.05	1225.73
403.43	1228.22
403.81	1215.56
404.18	1214.21
404.56	1190.93
404.94	1225.96
405.31	1221.21
405.69	1202.68
406.07	1222.11
406.45	1223.70
406.82	1199.52
407.20	1231.61
407.58	1206.52
407.95	1221.66
408.33	1233.41
408.71	1238.61
409.09	1230.70
409.46	1223.47
409.84	1225.28
410.22	1251.04
410.59	1213.75
410.97	1211.49
411.35	1229.80
411.72	1240.42
412.10	1266.86
412.48	1254.66
412.85	1239.97
413.23	1242.45
413.60	1263.92
413.98	1259.63
414.36	1272.73
414.73	1254.88
415.11	1267.54
415.49	1277.71
415.86	1292.62
416.24	1243.36
416.61	1305.05
416.99	1296.92
417.37	1299.63
417.74	1279.97
418.12	1313.41
418.49	1300.30
418.87	1310.70
419.25	1338.50
419.62	1339.17
420.00	1341.21
420.37	1374.65
420.75	1347.08
421.12	1368.10
421.50	1383.01
421.88	1384.60
422.25	1419.40
422.63	1386.63
423.00	1413.97
423.38	1439.51
423.75	1476.80
424.13	1499.85
424.50	1494.65
424.88	1507.76
425.25	1539.39
425.63	1575.10
426.01	1576.68
426.38	1605.83
426.76	1639.50
427.13	1654.42
427.51	1693.97
427.88	1728.99
428.26	1754.08
428.63	1808.99
429.00	1805.60
429.38	1885.60
429.75	1927.18
430.13	1975.09
430.50	2025.03
430.88	2108.65
431.25	2125.37
431.63	2191.35
432.00	2267.29
432.38	2303.22
432.75	2385.93
433.13	2449.43
433.50	2504.79
433.87	2632.02
434.25	2691.00
434.62	2755.86
435.00	2890.55
435.37	2966.70
435.75	3031.33
436.12	3178.45
436.49	3286.69
436.87	3400.36
437.24	3520.13
437.62	3683.74
437.99	3816.17
438.36	3991.76
438.74	4163.05
439.11	4324.63
439.49	4441.69
439.86	4662.02
440.23	4928.91
440.61	5155.57
440.98	5397.60
441.35	5681.88
441.73	5948.32
442.10	6182.44
442.47	6515.76
442.85	6866.71
443.22	7344.67
443.60	7698.10
443.97	8037.53
444.34	8581.02
444.71	9055.13
445.09	9551.16
445.46	10252.61
445.83	10858.47
446.21	11373.03
446.58	12194.71
446.95	12897.51
447.33	13912.40
447.70	14825.82
448.07	15541.29
448.45	16607.25
448.82	17842.92
449.19	18818.71
449.56	19874.96
449.94	21589.49
450.31	22826.74
450.68	24115.75
451.05	25428.94
451.43	27029.80
451.80	29023.64
452.17	29680.12
452.54	31908.31
452.92	34003.85
453.29	35479.75
453.66	38157.87
454.03	39678.05
454.41	42297.87
454.78	43252.42
455.15	45044.92
455.52	47140.46
455.89	47912.19
456.27	49371.58
456.64	51061.71
457.01	52004.28
457.38	53603.56
457.75	54637.66
458.13	55134.60
458.50	56082.59
458.87	56873.98
459.24	56640.54
459.61	58056.10
459.99	57929.55
460.36	58677.55
460.73	58677.55
461.10	58798.68
461.47	59083.42
461.84	59647.70
462.21	59814.47
462.59	59501.26
462.96	58993.03
463.33	60009.27
463.70	59557.53
464.07	59203.64
464.44	58650.66
464.81	59016.75
465.18	58738.79
465.56	58132.71
465.93	58105.36
466.30	57710.57
466.67	57004.15
467.04	56473.32
467.41	56206.66
467.78	55144.54
468.15	54005.36
468.52	53344.81
468.89	52568.79
469.26	52533.53
469.64	51615.37
470.01	50546.92
470.38	48791.49
470.75	48391.27
471.12	47549.26
471.49	45842.86
471.86	44984.13
472.23	44255.56
472.60	43063.27
472.97	41846.36
473.34	40659.50
473.71	39817.03
474.08	39645.74
474.45	38591.30
474.82	38034.71
475.19	38035.84
475.56	36983.43
475.93	36588.64
476.30	36042.22
476.67	35414.89
477.04	35150.49
477.41	34870.50
477.78	34677.28
478.15	34319.78
478.52	34007.24
478.89	33723.41
479.26	33817.87
479.63	33324.10
480.00	32837.10
480.37	32209.32
480.74	31978.59
481.11	31853.17
481.48	32027.41
481.84	31821.99
482.21	31360.98
482.58	30724.16
482.95	30473.32
483.32	29841.48
483.69	29795.37
484.06	28991.55
484.43	28399.25
484.80	27503.23
485.17	26828.45
485.54	26413.32
485.90	25508.03
486.27	25384.87
486.64	24749.18
487.01	24387.16
487.38	23397.80
487.75	22729.57
488.12	21904.73
488.49	20842.39
488.85	20175.51
489.22	19523.78
489.59	18582.11
489.96	17680.67
490.33	16882.95
490.70	16570.19
491.07	16043.42
491.43	15277.34
491.80	14514.65
492.17	13779.07
492.54	13190.16
492.91	12774.81
493.27	12254.82
493.64	11817.99
494.01	11292.58
494.38	10804.69
494.75	10306.40
495.11	9956.35
495.48	9636.58
495.85	9255.80
496.22	9032.30
496.59	8649.72
496.95	8320.91
497.32	7977.19
497.69	7730.19
498.06	7389.64
498.42	7147.61
498.79	6781.74
499.16	6562.09
499.53	6441.64
499.89	6224.70
500.26	6042.55
500.63	5771.60
501.00	5617.71
501.36	5447.31
501.73	5261.56
502.10	5069.02
502.46	4999.42
502.83	4853.43
503.20	4686.20
503.57	4582.70
503.93	4466.55
504.30	4346.33
504.67	4265.42
505.03	4153.56
505.40	4055.71
505.77	3862.95
506.13	3811.43
506.50	3703.18
506.87	3592.67
507.23	3496.41
507.60	3405.11
507.97	3328.05
508.33	3278.78
508.70	3197.88
509.07	3155.40
509.43	3076.53
509.80	3001.73
510.16	2953.14
510.53	2875.40
510.90	2891.45
511.26	2816.65
511.63	2774.62
511.99	2712.25
512.36	2683.09
512.73	2604.45
513.09	2564.90
513.46	2557.45
513.82	2505.02
514.19	2441.74
514.56	2426.83
514.92	2403.33
515.29	2382.31
515.65	2316.10
516.02	2308.41
516.38	2302.31
516.75	2282.88
517.11	2240.39
517.48	2225.25
517.85	2185.93
518.21	2155.65
518.58	2114.52
518.94	2122.20
519.31	2125.82
519.67	2100.74
520.04	2069.55
520.40	2046.27
520.77	2019.83
521.13	2001.76
521.50	1967.41
521.86	1962.66
522.23	1934.19
522.59	1909.33
522.96	1919.27
523.32	1888.76
523.69	1881.76
524.05	1856.90
524.42	1839.73
524.78	1814.64
525.15	1823.91
525.51	1773.96
525.87	1772.83
526.24	1727.41
526.60	1744.59
526.97	1715.21
527.33	1682.22
527.70	1677.24
528.06	1614.42
528.42	1599.28
528.79	1623.46
529.15	1618.49
529.52	1607.19
529.88	1566.51
530.24	1566.96
530.61	1533.29
530.97	1516.34
531.34	1523.58
531.70	1528.32
532.06	1514.76
532.43	1502.11
532.79	1483.58
533.16	1482.45
533.52	1449.00
533.88	1437.70
534.25	1414.43
534.61	1414.65
534.97	1417.82
535.34	1417.82
535.70	1409.00
536.06	1402.90
536.43	1374.88
536.79	1383.47
537.15	1375.11
537.52	1373.07
537.88	1343.92
538.24	1347.54
538.60	1354.31
538.97	1364.48
539.33	1339.17
539.69	1338.50
540.06	1336.01
540.42	1316.12
540.78	1321.10
541.15	1325.84
541.51	1309.34
541.87	1322.45
542.23	1315.22
542.60	1311.83
542.96	1283.81
543.32	1288.55
543.68	1308.21
544.05	1317.03
544.41	1304.37
544.77	1261.44
545.13	1279.97
545.49	1300.76
545.86	1298.72
546.22	1271.60
546.58	1262.79
546.94	1262.57
547.31	1291.04
547.67	1275.45
548.03	1254.43
548.39	1259.63
548.75	1253.30
549.11	1260.53
549.48	1244.94
549.84	1254.66
550.20	1235.22
550.56	1251.72
550.92	1236.58
551.28	1251.94
551.65	1223.24
552.01	1258.05
552.37	1218.05
552.73	1246.75
553.09	1246.07
553.45	1249.23
553.81	1246.29
554.18	1216.01
554.54	1250.14
554.90	1222.11
555.26	1248.55
555.62	1230.48
555.98	1260.08
556.34	1234.77
556.70	1231.83
557.06	1227.76
557.42	1249.46
557.79	1224.15
558.15	1230.25
558.51	1227.54
558.87	1230.70
559.23	1228.67
559.59	1217.14
559.95	1216.92
560.31	1216.92
560.67	1221.89
561.03	1225.28
561.39	1214.43
561.75	1217.60
562.11	1219.85
562.47	1230.02
562.83	1223.92
563.19	1213.30
563.55	1196.80
563.91	1211.49
564.27	1212.62
564.63	1205.84
564.99	1230.02
565.35	1218.05
565.71	1219.85
566.07	1193.87
566.43	1212.40
566.79	1199.97
567.15	1227.31
567.51	1200.42
567.87	1220.76
568.23	1202.91
568.59	1215.79
568.95	1215.79
569.31	1204.49
569.67	1203.81
570.03	1194.09
570.39	1196.35
570.75	1196.13
571.11	1189.35
571.46	1207.88
571.82	1220.31
572.18	1195.22
572.54	1193.87
572.90	1212.40
573.26	1192.29
573.62	1200.65
573.98	1206.97
574.34	1200.87
574.70	1200.65
575.05	1190.48
575.41	1197.71
575.77	1189.12
576.13	1195.45
576.49	1194.54
576.85	1196.58
577.21	1173.08
577.56	1188.44
577.92	1209.23
578.28	1221.21
578.64	1183.25
579.00	1217.14
579.36	1185.28
579.71	1202.91
580.07	1217.82
580.43	1194.54
580.79	1199.74
581.15	1196.58
581.50	1205.62
581.86	1219.18
582.22	1200.87
582.58	1213.75
582.94	1197.71
583.29	1197.03
583.65	1173.30
584.01	1190.48
584.37	1188.22
584.72	1194.32
585.08	1200.19
585.44	1192.29
585.80	1193.64
586.15	1189.57
586.51	1172.85
586.87	1182.79
587.23	1179.63
587.58	1192.06
587.94	1197.26
588.30	1177.37
588.65	1192.29
589.01	1198.84
589.37	1186.64
589.73	1190.03
590.08	1183.92
590.44	1199.52
590.80	1210.36
591.15	1173.08
591.51	1187.31
591.87	1185.51
592.22	1180.31
592.58	1186.64
592.94	1173.53
593.29	1201.10
593.65	1196.80
594.01	1184.83
594.36	1192.74
594.72	1190.03
595.08	1179.86
595.43	1184.15
595.79	1180.99
596.14	1188.90
596.50	1177.82
596.86	1185.05
597.21	1180.76
597.57	1168.78
597.92	1181.44
598.28	1194.09
598.64	1196.35
598.99	1198.16
599.35	1180.76
599.70	1175.11
600.06	1194.09
600.42	1182.57
600.77	1170.82
601.13	1188.67
601.48	1188.67
601.84	1177.82
602.19	1186.41
602.55	1191.38
602.90	1194.54
603.26	1197.26
603.61	1174.43
603.97	1187.99
604.32	1185.51
604.68	1184.60
605.03	1163.81
605.39	1195.90
605.74	1168.10
606.10	1179.63
606.45	1187.99
606.81	1183.92
607.16	1172.85
607.52	1179.40
607.87	1191.61
608.23	1201.78
608.58	1178.05
608.94	1169.23
609.29	1196.13
609.65	1199.52
610.00	1189.12
610.36	1166.07
610.71	1187.99
611.06	1187.54
611.42	1192.51
611.77	1197.03
612.13	1206.07
612.48	1196.80
612.84	1186.41
613.19	1181.89
613.54	1189.57
613.90	1198.39
614.25	1194.54
614.61	1192.74
614.96	1190.93
615.31	1174.88
615.67	1184.38
616.02	1179.40
616.37	1194.09
616.73	1175.34
617.08	1173.98
617.44	1179.40
617.79	1196.58
618.14	1179.40
618.50	1172.40
618.85	1180.53
619.20	1176.92
619.56	1163.59
619.91	1180.08
620.26	1187.54
620.62	1188.22
620.97	1164.94
621.32	1202.91
621.67	1189.35
622.03	1177.60
622.38	1175.79
622.73	1181.21
623.09	1179.86
623.44	1175.34
623.79	1192.51
624.14	1178.95
624.50	1185.51
624.85	1179.40
625.20	1194.54
625.55	1182.79
625.91	1198.61
626.26	1180.76
626.61	1160.20
626.96	1195.22
627.32	1192.51
627.67	1214.66
628.02	1186.86
628.37	1178.73
628.73	1181.66
629.08	1161.78
629.43	1181.44
629.78	1189.80
630.13	1167.88
630.49	1191.83
630.84	1195.45
631.19	1179.40
631.54	1176.24
631.89	1173.30
632.24	1186.64
632.60	1190.25
632.95	1203.13
633.30	1187.77
633.65	1165.85
634.00	1192.29
634.35	1188.44
634.70	1175.79
635.06	1177.60
635.41	1169.69
635.76	1200.42
636.11	1178.27
636.46	1178.05
636.81	1181.66
637.16	1178.95
637.51	1168.78
637.86	1185.51
638.22	1195.90
638.57	1170.14
638.92	1180.08
639.27	1193.41
639.62	1187.99
639.97	1169.69
640.32	1195.67
640.67	1183.70
641.02	1178.05
641.37	1177.82
641.72	1178.05
642.07	1190.93
642.42	1176.01
642.77	1187.77
643.12	1173.53
643.47	1185.73
643.82	1173.53
644.17	1185.96
644.52	1177.37
644.87	1182.79
645.22	1194.77
645.57	1181.89
645.92	1180.08
646.27	1156.58
646.62	1169.23
646.97	1176.92
647.32	1178.50
647.67	1202.23
648.02	1185.51
648.37	1169.69
648.72	1192.74
649.07	1193.41
649.42	1189.35
649.77	1193.64
650.12	1176.92
650.47	1168.78
650.82	1163.81
651.17	1173.53
651.52	1201.32
651.86	1192.29
652.21	1188.22
652.56	1156.58
652.91	1179.86
653.26	1175.56
653.61	1170.14
653.96	1189.12
654.31	1188.90
654.66	1178.05
655.00	1180.99
655.35	1186.86
655.70	1192.96
656.05	1179.63
656.40	1198.84
656.75	1187.54
657.10	1174.21
657.44	1180.08
657.79	1173.75
658.14	1199.74
658.49	1189.35
658.84	1161.55
659.19	1169.01
659.53	1180.08
659.88	1154.32
660.23	1191.16
660.58	1205.84
660.93	1182.34
661.27	1189.80
661.62	1177.82
661.97	1175.11
662.32	1180.76
662.66	1189.35
663.01	1181.66
663.36	1185.28
663.71	1185.28
664.05	1171.27
664.40	1182.57
664.75	1187.77
665.10	1187.77
665.44	1156.81
665.79	1154.77
666.14	1177.37
666.49	1182.12
666.83	1192.29
667.18	1176.92
667.53	1170.82
667.87	1180.31
668.22	1178.73
668.57	1162.23
668.92	1196.58
669.26	1170.36
669.61	1196.13
669.96	1191.16
670.30	1176.47
670.65	1165.85
671.00	1173.75
671.34	1185.28
671.69	1164.72
672.03	1168.33
672.38	1165.62
672.73	1165.39
673.07	1173.08
673.42	1178.95
673.77	1173.75
674.11	1187.77
674.46	1157.26
674.80	1182.12
675.15	1189.35
675.50	1185.73
675.84	1178.27
676.19	1167.65
676.53	1190.25
676.88	1187.54
677.23	1181.66
677.57	1192.29
677.92	1182.79
678.26	1170.59
678.61	1180.31
678.95	1163.59
679.30	1198.61
679.64	1160.87
679.99	1162.68
680.34	1180.99
680.68	1182.79
681.03	1184.83
681.37	1182.12
681.72	1177.82
682.06	1194.09
682.41	1165.39
682.75	1178.50
683.10	1174.43
683.44	1166.07
683.79	1195.22
684.13	1175.56
684.48	1168.10
684.82	1172.17
685.17	1185.96
685.51	1153.87
685.85	1172.40
686.20	1181.21
686.54	1175.11
686.89	1175.79
687.23	1178.73
687.58	1176.01
687.92	1177.14
688.26	1179.40
688.61	1187.77
688.95	1177.37
689.30	1183.25
689.64	1183.25
689.99	1171.95
690.33	1182.12
690.67	1185.05
691.02	1182.57
691.36	1189.57
691.70	1167.88
692.05	1177.37
692.39	1168.78
692.74	1166.97
693.08	1185.05
693.42	1183.02
693.77	1162.46
694.11	1170.14
694.45	1176.69
694.80	1159.74
695.14	1186.18
695.48	1193.64
695.83	1180.99
696.17	1182.57
696.51	1169.91
696.86	1164.04
697.20	1161.33
697.54	1165.39
697.88	1173.08
698.23	1177.37
698.57	1149.80
698.91	1188.90
699.26	1170.59
699.60	1165.85
699.94	1172.40
700.28	1156.58
700.63	1166.52
700.97	1165.39
701.31	1164.26
701.65	1168.56
702.00	1195.90
702.34	1173.75
702.68	1187.99
703.02	1160.87
703.36	1180.08
703.71	1184.60
704.05	1167.20
704.39	1166.30
704.73	1197.71
705.07	1176.24
705.42	1177.14
705.76	1189.35
706.10	1181.21
706.44	1193.87
706.78	1156.13
707.13	1181.89
707.47	1186.41
707.81	1173.30
708.15	1168.33
708.49	1171.04
708.83	1166.97
709.17	1155.68
709.52	1177.37
709.86	1172.17
710.20	1159.29
710.54	1172.85
710.88	1169.91
711.22	1181.66
711.56	1178.05
711.90	1179.18
712.24	1171.27
712.59	1178.50
712.93	1183.70
713.27	1185.96
713.61	1187.31
713.95	1159.29
714.29	1175.34
714.63	1182.34
714.97	1174.21
715.31	1177.37
715.65	1168.78
715.99	1175.79
716.33	1158.16
716.67	1167.88
717.01	1170.14
717.35	1163.36
717.69	1181.66
718.03	1183.25
718.37	1182.12
718.71	1179.18
719.05	1179.86
719.39	1177.82
719.73	1178.05
720.07	1187.09
720.41	1148.67
720.75	1149.57
721.09	1166.30
721.43	1179.40
721.77	1176.24
722.11	1191.16
722.45	1161.33
722.79	1159.52
723.13	1168.78
723.47	1165.39
723.81	1172.85
724.15	1172.17
724.48	1177.82
724.82	1171.72
725.16	1168.10
725.50	1149.80
725.84	1147.99
726.18	1172.62
726.52	1161.33
726.86	1184.83
727.20	1176.01
727.54	1171.49
727.87	1170.82
728.21	1159.29
728.55	1156.35
728.89	1166.52
729.23	1172.85
729.57	1162.91
729.91	1183.25
730.24	1190.25
730.58	1185.51
730.92	1170.82
731.26	1173.98
731.60	1152.06
731.93	1162.00
732.27	1168.33
732.61	1178.73
732.95	1165.85
733.29	1175.79
733.62	1163.13
733.96	1153.87
734.30	1151.83
734.64	1168.10
734.98	1179.63
735.31	1169.01
735.65	1181.89
735.99	1151.83
736.33	1173.98
736.66	1172.85
737.00	1169.23
737.34	1168.78
737.67	1168.78
738.01	1183.02
738.35	1165.17
738.69	1160.87
739.02	1160.65
739.36	1161.78
739.70	1159.97
740.03	1157.94
740.37	1164.94
740.71	1161.55
741.04	1153.19
741.38	1175.34
741.72	1173.53
742.06	1176.69
742.39	1167.20
742.73	1169.91
743.06	1168.56
743.40	1164.04
743.74	1161.55
744.07	1174.88
744.41	1158.16
744.75	1171.49
745.08	1172.62
745.42	1158.61
745.75	1171.95
746.09	1167.65
746.43	1190.93
746.76	1162.46
747.10	1181.89
747.43	1177.60
747.77	1162.23
748.11	1185.28
748.44	1168.10
748.78	1185.73
749.11	1177.37
749.45	1179.63
749.78	1155.68
750.12	1176.24
750.46	1167.88
750.79	1172.17
751.13	1165.62
751.46	1150.70
751.80	1174.66
752.13	1181.89
752.47	1164.72
752.80	1167.43
753.14	1159.52
753.47	1177.82
753.81	1167.88
754.14	1192.51
754.48	1166.30
754.81	1173.53
755.15	1161.55
755.48	1166.97
755.81	1165.62
756.15	1185.28
756.48	1178.50
756.82	1177.37
757.15	1162.23
757.49	1157.03
757.82	1177.37
758.16	1152.29
758.49	1171.04
758.82	1171.27
759.16	1177.60
759.49	1161.10
759.83	1167.43
760.16	1160.20
760.49	1179.18
760.83	1172.17
761.16	1171.04
761.50	1173.53
761.83	1163.59
762.16	1154.32
762.50	1177.37
762.83	1160.87
763.16	1177.60
763.50	1163.36
763.83	1180.08
764.16	1189.12
764.50	1155.22
764.83	1158.16
765.16	1171.49
765.50	1157.48
765.83	1169.23
766.16	1169.69
766.50	1162.68
766.83	1196.80
767.16	1159.52
767.49	1168.56
767.83	1157.48
768.16	1154.32
768.49	1154.09
768.83	1163.59
769.16	1173.98
769.49	1176.69
769.82	1172.85
770.16	1175.56
770.49	1157.94
770.82	1174.43
771.15	1159.97
771.49	1167.88
771.82	1167.20
772.15	1174.21
772.48	1160.42
772.81	1169.69
773.15	1173.98
773.48	1160.20
773.81	1167.88
774.14	1162.68
774.47	1147.54
774.81	1163.13
775.14	1173.08
775.47	1155.45
775.80	1158.39
776.13	1166.97
776.46	1158.39
776.79	1173.98
777.13	1166.75
777.46	1169.91
777.79	1161.10
778.12	1151.61
778.45	1165.85
778.78	1172.40
779.11	1175.11
779.44	1176.01
779.78	1163.59
780.11	1185.05
780.44	1167.20
780.77	1187.31
781.10	1160.65
781.43	1142.12
781.76	1162.46
782.09	1187.09
782.42	1136.69
782.75	1162.23
783.08	1177.14
783.41	1164.94
783.74	1156.13
784.07	1170.59
784.40	1168.33
784.73	1167.43
785.06	1178.05
785.40	1151.83
785.73	1161.78
786.06	1164.26
786.39	1167.88
786.72	1158.16
787.05	1149.80
787.37	1165.85
787.70	1171.95
788.03	1170.36
788.36	1170.14
788.69	1157.26
789.02	1173.08
789.35	1164.04
789.68	1171.72
790.01	1139.41
790.34	1195.67
790.67	1149.35
791.00	1177.82
791.33	1168.33
791.66	1186.18
791.99	1169.23
792.32	1171.95
792.65	1178.73
792.97	1169.69
793.30	1158.84
793.63	1164.72
793.96	1162.68
794.29	1156.35
794.62	1151.38
794.95	1169.69
795.28	1167.65
795.60	1160.87
795.93	1165.85
796.26	1159.52
796.59	1173.53
796.92	1172.62
797.25	1185.51
797.57	1152.96
797.90	1158.84
798.23	1173.98
798.56	1171.27
798.89	1157.26
799.22	1149.80
799.54	1169.46
799.87	1155.45
800.20	1152.51
800.53	1153.64
800.85	1162.68
801.18	1154.09
801.51	1165.17
801.84	1152.29
802.16	1176.01
802.49	1161.55
802.82	1155.90
803.15	1159.52
803.47	1159.74
803.80	1163.36
804.13	1171.49
804.46	1169.69
804.78	1179.63
805.11	1148.90
805.44	1174.88
805.76	1148.90
806.09	1169.46
806.42	1169.91
806.74	1153.64
807.07	1171.27
807.40	1152.96
807.73	1168.78
808.05	1172.40
808.38	1153.64
808.70	1162.68
809.03	1153.87
809.36	1148.44
809.68	1182.34
810.01	1160.42
810.34	1155.00
810.66	1165.17
810.99	1159.74
811.31	1155.90
811.64	1174.21
811.97	1164.49
812.29	1168.10
812.62	1162.23
812.94	1172.85
813.27	1178.05
813.60	1165.85
813.92	1169.46
814.25	1168.33
814.57	1144.60
814.90	1151.61
815.22	1170.82
815.55	1143.02
815.87	1147.99
816.20	1172.40
816.53	1152.29
816.85	1169.23
817.18	1159.97
817.50	1160.42
817.83	1167.65
818.15	1175.79
818.48	1157.94
818.80	1179.63
819.13	1164.49
819.45	1144.60
819.78	1159.52
820.10	1148.22
820.42	1165.17
820.75	1144.15
821.07	1169.23
821.40	1170.36
821.72	1184.60
822.05	1171.27
822.37	1165.85
822.70	1152.51
823.02	1173.08
823.34	1176.01
823.67	1153.87
823.99	1186.86
824.32	1178.05
824.64	1151.38
824.96	1165.62
825.29	1167.65
825.61	1172.40
825.94	1162.23
826.26	1156.58
826.58	1133.76
826.91	1176.47
827.23	1143.02
827.55	1155.00
827.88	1173.75
828.20	1164.04
828.52	1165.62
828.85	1175.11
829.17	1146.86
829.49	1166.52
829.82	1181.66
830.14	1155.90
830.46	1155.90
830.79	1154.55
831.11	1161.78
831.43	1171.49
831.75	1168.78
832.08	1176.47
832.40	1160.65
832.72	1151.83
833.04	1152.96
833.37	1169.69
833.69	1154.55
834.01	1166.97
834.33	1319.51
834.66	1172.62
834.98	1162.46
835.30	1153.19
835.62	1166.30
835.95	1173.08
836.27	1179.18
836.59	1178.27
836.91	1188.44
837.23	1143.47
837.56	1166.97
837.88	1159.07
838.20	1167.65
838.52	1173.08
838.84	1173.98
839.16	1159.29
839.49	1166.97
839.81	1158.16
840.13	1149.12
840.45	1164.26
840.77	1154.77
841.09	1162.91
841.41	1157.48
841.73	1154.55
842.06	1179.63
842.38	1174.66
842.70	1168.33
843.02	1177.14
843.34	1163.59
843.66	1173.75
843.98	1162.23
844.30	1166.07
844.62	1176.24
844.94	1151.61
845.26	1145.28
845.58	1176.47
845.90	1169.23
846.23	1175.56
846.55	1158.84
846.87	1181.21
847.19	1146.64
847.51	1149.35
847.83	1164.26
848.15	1138.28
848.47	1164.49
848.79	1163.13
849.11	1157.26
849.43	1166.07
849.75	1159.52
850.07	1159.29
850.39	1148.22
850.71	1159.74
851.03	1142.79
851.34	1164.49
851.66	1175.56
851.98	1151.83
852.30	1155.22
852.62	1147.99
852.94	1157.48
853.26	1170.82
853.58	1155.00
853.90	1166.97
854.22	1151.16
854.54	1150.93
854.86	1168.10
855.18	1181.66
855.49	1170.14
855.81	1165.85
856.13	1148.22
856.45	1145.96
856.77	1160.87
857.09	1175.79
857.41	1154.09
857.73	1153.19
858.04	1178.27
858.36	1157.03
858.68	1178.95
859.00	1153.42
859.32	1194.09
859.63	1155.45
859.95	1171.95
860.27	1157.03
860.59	1173.98
860.91	1164.49
861.23	1169.46
861.54	1159.52
861.86	1162.91
862.18	1176.69
862.50	1160.42
862.81	1168.33
863.13	1163.36
863.45	1165.17
863.77	1170.59
864.08	1159.52
864.40	1170.36
864.72	1171.27
865.04	1158.39
865.35	1177.14
865.67	1155.00
865.99	1154.55
866.30	1162.23
866.62	1161.10
866.94	1169.46
867.26	1138.95
867.57	1143.92
867.89	1153.87
868.21	1142.34
868.52	1161.10
868.84	1166.75
869.16	1179.63
869.47	1167.65
869.79	1178.27
870.10	1176.24
870.42	1161.10
870.74	1162.46
871.05	1174.88
871.37	1166.97
871.69	1157.26
872.00	1166.07
872.32	1151.83
872.63	1164.72
872.95	1165.17
873.27	1170.14
873.58	1163.59
873.90	1156.81
874.21	1176.01
874.53	1171.72
874.84	1160.20
875.16	1165.39
875.48	1168.33
875.79	1151.38
876.11	1156.35
876.42	1169.46
876.74	1180.08
877.05	1146.86
877.37	1142.57
877.68	1179.40
878.00	1168.10
878.31	1159.74
878.63	1171.27
878.94	1157.03
879.26	1166.75
879.57	1154.32
879.89	1174.21
880.20	1186.64
880.52	1160.65
880.83	1166.52
881.14	1148.67
881.46	1158.84
881.77	1171.04
882.09	1168.10
882.40	1146.86
882.72	1153.19
883.03	1141.89
883.34	1148.44
883.66	1162.00
883.97	1166.30
884.29	1166.52
884.60	1175.34
884.91	1166.75
885.23	1167.65
885.54	1166.97
885.86	1183.70
886.17	1161.78
886.48	1162.00
886.80	1166.97
887.11	1147.31
887.42	1147.54
887.74	1163.59
888.05	1153.42
888.36	1156.81
888.68	1150.48
888.99	1178.50
889.30	1147.09
889.62	1151.83
889.93	1151.16
890.24	1160.87
890.55	1171.95
890.87	1164.26
891.18	1166.30
891.49	1172.62
891.80	1169.46
892.12	1167.88
892.43	1175.11
892.74	1143.92
893.05	1162.68
893.37	1148.44
893.68	1156.58
893.99	1164.49
894.30	1156.58
894.62	1161.78
894.93	1173.98
895.24	1140.99
895.55	1169.69
895.86	1161.33
896.18	1175.11
896.49	1156.13
896.80	1152.51
897.11	1146.18
897.42	1150.03
897.73	1170.59
898.05	1156.81
898.36	1154.77
898.67	1173.53
898.98	1164.26
899.29	1164.26
899.60	1188.90
899.91	1152.06
900.23	1169.01
900.54	1165.85
900.85	1176.24
901.16	1161.33
901.47	1165.62
901.78	1162.00
902.09	1166.30
902.40	1167.88
902.71	1149.35
903.02	1163.13
903.33	1169.23
903.64	1160.42
903.95	1148.67
904.27	1156.35
904.58	1171.95
904.89	1167.65
905.20	1160.42
905.51	1175.34
905.82	1159.07
906.13	1143.47
906.44	1152.74
906.75	1176.47
907.06	1155.90
907.37	1166.75
907.68	1173.53
907.99	1145.73
908.30	1151.16
908.61	1168.56
908.91	1147.09
909.22	1162.23
909.53	1172.17
909.84	1151.38
910.15	1177.37
910.46	1179.40
910.77	1172.85
911.08	1147.77
911.39	1164.26
911.70	1169.23
912.01	1171.72
912.32	1152.06
912.63	1150.70
912.93	1152.29
913.24	1183.92
913.55	1143.02
913.86	1170.59
914.17	1162.23
914.48	1167.65
914.79	1169.69
915.09	1187.09
915.40	1157.48
915.71	1158.39
916.02	1174.43
916.33	1146.18
916.64	1166.75
916.94	1149.35
917.25	1166.75
917.56	1161.55
917.87	1154.09
918.18	1150.70
918.48	1154.32
918.79	1163.81
919.10	1166.52
919.41	1172.40
919.72	1140.76
920.02	1162.68
920.33	1152.51
920.64	1171.04
920.95	1157.71
921.25	1142.79
921.56	1162.46
921.87	1170.36
922.17	1185.28
922.48	1149.80
922.79	1181.89
923.10	1162.00
923.40	1173.75
923.71	1170.36
924.02	1158.16
924.32	1166.97
924.63	1156.81
924.94	1164.26
925.24	1167.65
925.55	1153.19
925.86	1169.91
926.16	1168.33
926.47	1145.96
926.78	1151.83
927.08	1159.29
927.39	1158.84
927.69	1145.28
928.00	1149.12
928.31	1167.20
928.61	1164.49
928.92	1164.94
929.22	1180.99
929.53	1157.48
929.84	1160.20
930.14	1158.61
930.45	1140.53
930.75	1156.35
931.06	1141.89
931.36	1178.50
931.67	1161.33
931.97	1159.97
932.28	1159.52
932.58	1164.49
932.89	1164.72
933.20	1159.52
933.50	1150.25
933.81	1165.85
934.11	1166.07
934.42	1162.23
934.72	1139.63
935.03	1146.41
935.33	1152.06
935.63	1149.57
935.94	1146.86
936.24	1158.16
936.55	1175.79
936.85	1165.39
937.16	1159.97
937.46	1172.62
937.77	1153.64
938.07	1182.57
938.37	1171.49
938.68	1170.36
938.98	1148.67
939.29	1176.92
939.59	1165.17
939.89	1136.92
940.20	1156.81
940.50	1152.96
940.81	1150.70
941.11	1156.13
941.41	1145.05
941.72	1167.65
942.02	1150.93
942.32	1169.46
942.63	1145.28
942.93	1163.81
943.23	1146.64
943.54	1144.60
943.84	1169.23
944.14	1146.18
944.45	1153.19
944.75	1170.14
945.05	1164.72
945.35	1146.41
945.66	1141.66
945.96	1161.78
946.26	1169.23
946.57	1175.56
946.87	1163.36
947.17	1173.53
947.47	1170.36
947.78	1166.75
948.08	1162.68
948.38	1155.45
948.68	1159.29
948.98	1164.26
949.29	1155.45
949.59	1151.83
949.89	1190.03
950.19	1167.88
950.49	1173.98
950.80	1154.55
951.10	1161.78
951.40	1161.78
951.70	1158.39
952.00	1149.35
952.30	1168.56
952.61	1173.75
952.91	1152.06
953.21	1150.93
953.51	1162.00
953.81	1176.92
954.11	1160.65
954.41	1178.73
954.72	1150.25
955.02	1160.42
955.32	1164.72
955.62	1155.90
955.92	1162.68
956.22	1180.53
956.52	1161.33
956.82	1168.10
957.12	1159.52
957.42	1171.49
957.72	1151.16
958.02	1155.45
958.32	1166.52
958.62	1165.39
958.92	1156.35
959.22	1159.97
959.52	1147.99
959.82	1153.19
960.13	1161.10
960.43	1160.20
960.72	1172.85
961.02	1167.88
961.32	1163.59
961.62	1180.76
961.92	1156.35
962.22	1152.96
962.52	1162.68
962.82	1171.49
963.12	1163.36
963.42	1162.46
963.72	1146.18
964.02	1155.00
964.32	1171.27
964.62	1154.32
964.92	1149.80
965.22	1160.65
965.52	1164.72
965.82	1162.00
966.11	1170.59
966.41	1163.36
966.71	1155.00
967.01	1149.35
967.31	1164.26
967.61	1165.85
967.91	1159.97
968.20	1164.04
968.50	1166.97
968.80	1145.96
969.10	1169.23
969.40	1164.94
969.70	1162.23
969.99	1146.18
970.29	1128.56
970.59	1159.07
970.89	1161.10
971.19	1162.68
971.48	1162.46
971.78	1164.04
972.08	1166.75
972.38	1154.55
972.67	1162.91
972.97	1155.22
973.27	1164.72
973.57	1160.87
973.86	1156.13
974.16	1164.04
974.46	1158.84
974.76	1154.09
975.05	1164.94
975.35	1137.15
975.65	1181.89
975.94	1162.91
976.24	1160.65
976.54	1168.33
976.84	1171.49
977.13	1178.27
977.43	1160.87
977.73	1150.25
978.02	1145.96
978.32	1137.82
978.61	1150.25
978.91	1147.54
979.21	1150.03
979.50	1153.87
979.80	1187.09
980.10	1154.55
980.39	1158.39
980.69	1170.14
980.98	1157.03
981.28	1147.09
981.58	1150.25
981.87	1164.49
982.17	1157.26
982.46	1157.26
982.76	1154.32
983.05	1163.59
983.35	1136.92
983.65	1166.75
983.94	1155.45
984.24	1162.46
984.53	1156.58
984.83	1156.81
985.12	1148.67
985.42	1157.71
985.71	1161.55
986.01	1168.33
986.30	1169.23
986.60	1160.87
986.89	1173.08
987.19	1164.72
987.48	1169.01
987.78	1161.10
988.07	1159.97
988.36	1156.35
988.66	1157.03
988.95	1162.23
989.25	1164.72
989.54	1163.13
989.84	1163.81
990.13	1171.27
990.42	1166.52
990.72	1164.72
991.01	1151.38
991.31	1156.81
991.60	1143.25
991.89	1171.95
992.19	1145.96
992.48	1168.78
992.77	1167.65
993.07	1153.42
993.36	1169.69
993.66	1173.53
993.95	1167.20
994.24	1171.95
994.54	1165.17
994.83	1155.22
995.12	1178.73
995.41	1167.20
995.71	1168.33
996.00	1159.74
996.29	1190.25
996.59	1146.64
996.88	1179.18
997.17	1165.62
997.46	1167.88
997.76	1152.29
998.05	1166.30
998.34	1169.23
998.63	1153.42
998.93	1147.54
999.22	1159.52
999.51	1157.26
999.80	1152.06
1000.10	1156.81
1000.39	1146.86
1000.68	1166.75
1000.97	1158.39
1001.26	1164.26
1001.56	1150.03
1001.85	1159.97
1002.14	1195.45
1002.43	1164.26
1002.72	1153.64
1003.01	1153.64
1003.31	1166.52
1003.60	1161.33
1003.89	1161.55
1004.18	1164.26
1004.47	1143.92
1004.76	1174.21
1005.05	1154.55
1005.34	1157.03
1005.63	1157.71
1005.93	1163.59
1006.22	1162.46
1006.51	1151.16
1006.80	1168.56
1007.09	1150.25
1007.38	1165.85
1007.67	1159.97
1007.96	1161.55
1008.25	1163.13
1008.54	1166.52
1008.83	1153.19
1009.12	1170.36
1009.41	1154.09
1009.70	1150.03
1009.99	1162.00
1010.28	1185.51
1010.57	1134.21
1010.86	1145.73
1011.15	1161.78
1011.44	1160.20
1011.73	1164.26
1012.02	1158.16
1012.31	1153.64
1012.60	1162.46
1012.89	1164.04
1013.18	1169.01
1013.47	1172.40
1013.76	1151.83
1014.05	1148.90
1014.34	1152.74
1014.63	1164.26
1014.91	1166.07
1015.20	1177.82
1015.49	1156.13
1015.78	1148.90
1016.07	1164.49
1016.36	1136.02
1016.65	1152.06
1016.94	1166.07
1017.23	1150.48
1017.51	1164.04
1017.80	1165.62
1018.09	1165.85
1018.38	1154.09
1018.67	1159.07
1018.96	1158.61
1019.24	1163.81
1019.53	1178.27
1019.82	1164.94
1020.11	1159.07
1020.40	1158.39
1020.68	1156.58
1020.97	1152.29
1021.26	1144.83
1021.55	1157.71
1021.83	1147.99
1022.12	1159.97
1022.41	1166.30
1022.70	1140.08
1022.98	1162.91
1023.27	1170.59
1023.56	1159.74
1023.85	1159.97
1024.13	1167.88
1024.42	1161.10
1024.71	1154.09
1024.99	1153.87
1025.28	1161.33
1025.57	1159.07
1025.85	1158.39
1026.14	1166.07
1026.43	1168.33
1026.71	1163.59
1027.00	1152.06
1027.29	1157.94
1027.57	1141.89
1027.86	1179.86
1028.15	1162.23
1028.43	1142.12
1028.72	1154.32
1029.01	1173.98
1029.29	1168.33
1029.58	1175.34
1029.86	1151.38
1030.15	1145.28
1030.44	1172.85
1030.72	1143.92
1031.01	1149.80
1031.29	1159.07
1031.58	1161.55
1031.86	1191.61
1032.15	1181.89
1032.43	1168.56
1032.72	1176.69
1033.00	1192.74
1033.29	1144.83
1033.57	1152.29
1033.86	1160.20
