340.66	119.72
341.05	119.72
341.43	119.72
341.81	34.19
342.20	21.42
342.58	5.60
342.96	3.23
343.35	-9.31
343.73	-23.78
344.11	-34.96
344.49	-21.85
344.88	-25.36
345.26	-19.82
345.64	-22.98
346.03	-18.58
346.41	-25.24
346.79	-22.53
347.17	8.77
347.56	-18.13
347.94	-10.33
348.32	15.21
348.70	13.40
349.09	19.73
349.47	29.90
349.85	28.43
350.24	39.39
350.62	60.52
351.00	70.91
351.38	59.50
351.76	83.00
352.15	86.39
352.53	91.02
352.91	97.35
353.29	93.85
353.68	94.64
354.06	118.93
354.44	114.41
354.82	126.96
355.20	130.46
355.59	130.23
355.97	139.95
356.35	143.68
356.73	143.45
357.11	138.14
357.50	123.79
357.88	132.72
358.26	146.95
358.64	154.75
359.02	154.86
359.40	141.30
359.79	142.55
360.17	140.63
360.55	140.40
360.93	134.64
361.31	136.22
361.69	140.51
362.07	142.89
362.46	138.37
362.84	134.19
363.22	130.34
363.60	128.20
363.98	133.51
364.36	127.07
364.74	133.17
365.12	142.10
365.51	138.25
365.89	147.18
366.27	139.95
366.65	143.23
367.03	134.75
367.41	128.08
367.79	121.31
368.17	132.60
368.55	137.58
368.93	119.50
369.31	132.38
369.69	140.51
370.08	130.23
370.46	139.95
370.84	129.78
371.22	135.43
371.60	121.19
371.98	124.13
372.36	133.62
372.74	142.10
373.12	128.76
373.50	133.62
373.88	133.73
374.26	142.21
374.64	120.63
375.02	132.38
375.40	131.47
375.78	140.51
376.16	126.62
376.54	132.15
376.92	148.76
377.30	132.27
377.68	125.15
378.06	131.70
378.44	142.43
378.82	125.26
379.20	138.48
379.58	133.40
379.96	125.49
380.34	128.54
380.72	137.35
381.10	132.04
381.48	130.12
381.86	138.71
382.24	128.65
382.62	131.59
383.00	140.18
383.37	124.36
383.75	134.19
384.13	130.34
384.51	133.73
384.89	146.95
385.27	150.80
385.65	132.04
386.03	141.42
386.41	127.07
386.79	131.47
387.17	137.01
387.55	126.62
387.92	133.51
388.30	132.38
388.68	138.93
389.06	145.71
389.44	139.05
389.82	142.10
390.20	150.68
390.58	139.05
390.95	125.94
391.33	135.32
391.71	141.64
392.09	136.11
392.47	136.22
392.85	141.53
393.23	134.41
393.60	151.47
393.98	141.98
394.36	131.47
394.74	140.06
395.12	144.69
395.49	147.75
395.87	144.58
396.25	135.20
396.63	132.72
397.01	138.37
397.39	135.43
397.76	143.56
398.14	151.02
398.52	131.81
398.90	144.02
399.27	139.16
399.65	132.15
400.03	131.93
400.41	138.93
400.79	129.78
401.16	131.81
401.54	135.88
401.92	144.69
402.30	140.18
402.67	127.63
403.05	118.71
403.43	149.78
403.81	139.61
404.18	137.46
404.56	130.68
404.94	139.27
405.31	146.50
405.69	137.58
406.07	143.56
406.45	152.83
406.82	145.94
407.20	146.50
407.58	143.79
407.95	151.02
408.33	133.06
408.71	153.40
409.09	139.27
409.46	148.42
409.84	142.66
410.22	151.47
410.59	149.67
410.97	140.29
411.35	143.34
411.72	164.13
412.10	147.41
412.48	136.56
412.85	139.16
413.23	146.16
413.60	143.45
413.98	129.67
414.36	144.36
414.73	143.90
415.11	142.66
415.49	135.66
415.86	145.82
416.24	139.50
416.61	137.24
416.99	137.92
417.37	137.58
417.74	137.24
418.12	147.52
418.49	139.27
418.87	162.43
419.25	139.95
419.62	134.53
420.00	141.53
420.37	153.40
420.75	146.62
421.12	137.92
421.50	158.59
421.88	149.89
422.25	165.15
422.63	147.63
423.00	143.56
423.38	141.98
423.75	150.23
424.13	148.08
424.50	149.21
424.88	145.15
425.25	140.74
425.63	157.35
426.01	155.65
426.38	144.47
426.76	134.75
427.13	144.81
427.51	138.59
427.88	143.45
428.26	138.37
428.63	147.52
429.00	146.62
429.38	160.74
429.75	152.49
430.13	153.85
430.50	144.58
430.88	149.67
431.25	147.86
431.63	150.57
432.00	154.86
432.38	156.78
432.75	159.95
433.13	149.55
433.50	146.39
433.87	144.36
434.25	155.32
434.62	150.34
435.00	148.31
435.37	139.27
435.75	150.68
436.12	144.92
436.49	154.41
436.87	148.20
437.24	146.84
437.62	144.58
437.99	153.17
438.36	156.33
438.74	156.67
439.11	155.77
439.49	150.46
439.86	160.85
440.23	137.58
440.61	149.10
440.98	152.49
441.35	142.32
441.73	159.72
442.10	154.41
442.47	134.19
442.85	157.35
443.22	147.86
443.60	138.25
443.97	152.83
444.34	153.40
444.71	148.42
445.09	152.72
445.46	158.03
445.83	165.71
446.21	132.04
446.58	149.67
446.95	147.29
447.33	144.13
447.70	137.69
448.07	161.30
448.45	161.64
448.82	145.82
449.19	152.49
449.56	143.56
449.94	151.02
450.31	146.39
450.68	154.41
451.05	167.63
451.43	152.27
451.80	154.52
452.17	144.92
452.54	166.16
452.92	152.60
453.29	158.03
453.66	154.75
454.03	158.25
454.41	157.58
454.78	152.27
455.15	151.59
455.52	163.56
455.89	154.30
456.27	143.34
456.64	146.73
457.01	151.02
457.38	153.73
457.75	151.14
458.13	148.31
458.50	149.44
458.87	143.90
459.24	148.42
459.61	161.53
459.99	164.47
460.36	159.61
460.73	164.02
461.10	152.83
461.47	161.64
461.84	153.62
462.21	149.33
462.59	173.28
462.96	155.88
463.33	163.11
463.70	160.63
464.07	166.50
464.44	164.81
464.81	159.84
465.18	152.38
465.56	183.11
465.93	157.01
466.30	170.91
466.67	148.31
467.04	160.51
467.41	161.76
467.78	162.21
468.15	157.24
468.52	153.51
468.89	173.17
469.26	157.01
469.64	159.72
470.01	149.44
470.38	168.08
470.75	162.21
471.12	157.24
471.49	157.01
471.86	157.12
472.23	157.35
472.60	159.84
472.97	173.17
473.34	169.89
473.71	181.19
474.08	163.00
474.45	161.19
474.82	162.77
475.19	166.95
475.56	171.70
475.93	163.68
476.30	162.77
476.67	163.00
477.04	172.26
477.41	170.91
477.78	153.17
478.15	149.55
478.52	165.94
478.89	170.80
479.26	170.23
479.63	169.33
480.00	172.38
480.37	170.91
480.74	176.90
481.11	181.87
481.48	170.34
481.84	172.49
482.21	184.35
482.58	176.45
482.95	176.90
483.32	165.26
483.69	172.83
484.06	178.82
484.43	178.37
484.80	176.78
485.17	186.73
485.54	180.74
485.90	185.37
486.27	184.81
486.64	188.87
487.01	186.73
487.38	177.69
487.75	180.74
488.12	192.60
488.49	193.28
488.85	213.17
489.22	201.87
489.59	198.93
489.96	200.85
490.33	195.20
490.70	207.97
491.07	202.77
491.43	213.73
491.80	198.82
492.17	212.60
492.54	210.57
492.91	219.49
493.27	235.77
493.64	238.70
494.01	233.62
494.38	252.38
494.75	254.30
495.11	264.01
495.48	259.61
495.85	267.40
496.22	278.70
496.59	303.22
496.95	302.66
497.32	309.10
497.69	319.83
498.06	329.89
498.42	324.24
498.79	350.68
499.16	358.47
499.53	371.13
499.89	385.71
500.26	379.60
500.63	408.19
501.00	447.74
501.36	448.64
501.73	474.06
502.10	483.22
502.46	496.66
502.83	511.01
503.20	522.88
503.57	535.42
503.93	562.20
504.30	567.28
504.67	579.82
505.03	596.89
505.40	592.37
505.77	616.55
506.13	617.79
506.50	614.29
506.87	643.66
507.23	661.63
507.60	652.03
507.97	681.29
508.33	678.24
508.70	709.09
509.07	700.27
509.43	718.58
509.80	732.81
510.16	727.96
510.53	762.87
510.90	766.49
511.26	809.65
511.63	823.55
511.99	838.46
512.36	889.76
512.73	969.87
513.09	1087.04
513.46	1244.55
513.82	1533.36
514.19	2006.57
514.56	2876.94
514.92	4193.85
515.29	6230.41
515.65	9198.81
516.02	12860.52
516.38	16548.67
516.75	20177.39
517.11	23270.75
517.48	25187.88
517.85	26876.53
518.21	28289.49
518.58	29332.74
518.94	30143.11
519.31	31222.75
519.67	32712.20
520.04	33774.43
520.40	34885.82
520.77	35982.06
521.13	37253.10
521.50	38301.88
521.86	38633.40
522.23	39472.93
522.59	40137.77
522.96	40935.60
523.32	41357.51
523.69	42332.85
524.05	42791.48
524.42	43166.61
524.78	43902.19
525.15	43613.50
525.51	44272.46
525.87	44575.39
526.24	44103.99
526.60	44614.15
526.97	44380.03
527.33	43967.50
527.70	43164.81
528.06	42994.87
528.42	42494.09
528.79	41818.63
529.15	40805.66
529.52	40674.14
529.88	39314.29
530.24	38751.59
530.61	37905.28
530.97	36991.64
531.34	36102.85
531.70	35484.44
532.06	34330.91
532.43	33084.51
532.79	33013.77
533.16	31781.15
533.52	30460.85
533.88	29768.10
534.25	28983.26
534.61	27814.48
534.97	26800.60
535.34	26039.04
535.70	25761.20
536.06	24740.32
536.43	24112.99
536.79	23225.90
537.15	22751.44
537.52	22069.32
537.88	21886.50
538.24	21125.72
538.60	20587.43
538.97	19879.32
539.33	19139.68
539.69	18639.91
540.06	18467.38
540.42	17739.83
540.78	17145.60
541.15	16699.85
541.51	16377.71
541.87	15780.67
542.23	15643.16
542.60	15187.58
542.96	15076.51
543.32	14752.90
543.68	14466.24
544.05	14162.74
544.41	13648.63
544.77	13306.50
545.13	12960.29
545.49	12612.95
545.86	12129.58
546.22	11985.85
546.58	11642.58
546.94	11498.63
547.31	11270.84
547.67	10899.33
548.03	10792.89
548.39	10500.58
548.75	10275.50
549.11	9940.14
549.48	9758.91
549.84	9498.23
550.20	9337.45
550.56	9059.49
550.92	9080.39
551.28	8773.85
551.65	8517.92
552.01	8360.41
552.37	8069.46
552.73	7860.09
553.09	7642.35
553.45	7434.22
553.81	7227.45
554.18	7152.76
554.54	6987.23
554.90	6747.01
555.26	6576.73
555.62	6620.91
555.98	6607.01
556.34	6476.96
556.70	6311.09
557.06	6176.40
557.42	6017.31
557.79	5932.23
558.15	5784.77
558.51	5615.62
558.87	5459.24
559.23	5411.45
559.59	5382.41
559.95	5248.40
560.31	5109.87
560.67	4941.74
561.03	4822.54
561.39	4758.92
561.75	4667.74
562.11	4561.53
562.47	4437.01
562.83	4292.95
563.19	4193.51
563.55	4127.87
563.91	4054.08
564.27	3928.78
564.63	3758.95
564.99	3494.66
565.35	3050.27
565.71	2544.07
566.07	1930.86
566.43	1418.56
566.79	924.56
567.15	595.98
567.51	376.33
567.87	277.91
568.23	238.14
568.59	227.86
568.95	218.37
569.31	190.80
569.67	208.42
570.03	214.64
570.39	198.59
570.75	211.13
571.11	211.02
571.46	204.92
571.82	188.20
572.18	197.01
572.54	209.44
572.90	205.15
573.26	192.15
573.62	200.85
573.98	190.34
574.34	207.29
574.70	179.61
575.05	189.21
575.41	197.80
575.77	180.96
576.13	180.40
576.49	183.11
576.85	172.04
577.21	184.81
577.56	194.52
577.92	187.86
578.28	175.20
578.64	179.84
579.00	186.16
579.36	165.26
579.71	174.19
580.07	175.54
580.43	170.46
580.79	184.35
581.15	177.01
581.50	165.15
581.86	180.17
582.22	176.78
582.58	175.77
582.94	169.78
583.29	177.01
583.65	164.92
584.01	178.03
584.37	175.32
584.72	180.85
585.08	146.84
585.44	183.11
585.80	183.90
586.15	169.10
586.51	172.60
586.87	167.86
587.23	166.39
587.58	177.12
587.94	179.16
588.30	169.21
588.65	175.77
589.01	152.49
589.37	179.84
589.73	164.24
590.08	156.33
590.44	162.32
590.80	166.62
591.15	161.08
591.51	169.78
591.87	150.91
592.22	162.10
592.58	167.86
592.94	164.02
593.29	164.02
593.65	154.86
594.01	150.80
594.36	160.06
594.72	160.74
595.08	166.84
595.43	163.23
595.79	157.12
596.14	163.11
596.50	164.24
596.86	168.20
597.21	166.95
597.57	152.94
597.92	159.72
598.28	155.20
598.64	165.82
598.99	148.65
599.35	156.22
599.70	152.49
600.06	141.87
600.42	165.37
600.77	151.59
601.13	157.91
601.48	157.91
601.84	155.32
602.19	165.60
602.55	138.71
602.90	155.32
603.26	130.68
603.61	148.08
603.97	154.52
604.32	146.39
604.68	154.98
605.03	152.38
605.39	166.95
605.74	137.46
606.10	153.73
606.45	157.01
606.81	157.69
607.16	160.51
607.52	153.40
607.87	147.97
608.23	159.50
608.58	169.21
608.94	152.83
609.29	159.50
609.65	143.79
610.00	142.66
610.36	137.35
610.71	145.60
611.06	135.99
611.42	148.20
611.77	138.14
612.13	175.20
612.48	150.80
612.84	155.77
613.19	154.64
613.54	144.02
613.90	160.51
614.25	143.11
614.61	159.27
614.96	140.74
615.31	159.50
615.67	143.23
616.02	136.22
616.37	165.82
616.73	146.28
617.08	145.82
617.44	221.53
617.79	153.62
618.14	136.90
618.50	136.45
618.85	148.54
619.20	147.75
619.56	144.92
619.91	156.67
620.26	144.58
620.62	146.73
620.97	139.05
621.32	142.32
621.67	142.66
622.03	148.20
622.38	147.97
622.73	138.37
623.09	144.13
623.44	151.14
623.79	135.43
624.14	143.23
624.50	140.97
624.85	171.81
625.20	145.94
625.55	160.51
625.91	136.33
626.26	159.84
626.61	145.82
626.96	146.95
627.32	150.80
627.67	184.81
628.02	146.73
628.37	141.42
628.73	148.08
629.08	149.67
629.43	153.51
629.78	150.12
630.13	160.63
630.49	146.73
630.84	147.97
631.19	150.46
631.54	150.34
631.89	137.80
632.24	145.37
632.60	138.14
632.95	150.23
633.30	150.91
633.65	140.06
634.00	147.29
634.35	137.58
634.70	142.66
635.06	150.57
635.41	154.86
635.76	149.55
636.11	144.36
636.46	131.47
636.81	142.77
637.16	143.56
637.51	132.60
637.86	147.63
638.22	146.95
638.57	143.00
638.92	143.45
639.27	157.12
639.62	136.33
639.97	150.91
640.32	152.15
640.67	137.92
641.02	148.65
641.37	152.60
641.72	137.12
642.07	140.18
642.42	132.60
642.77	132.72
643.12	135.09
643.47	134.30
643.82	153.06
644.17	129.21
644.52	141.87
644.87	136.79
645.22	153.28
645.57	140.40
645.92	154.52
646.27	145.15
646.62	148.08
646.97	140.63
647.32	147.63
647.67	140.85
648.02	138.25
648.37	137.58
648.72	139.95
649.07	130.34
649.42	138.93
649.77	141.30
650.12	154.86
650.47	130.80
650.82	133.73
651.17	135.88
651.52	146.73
651.86	128.99
652.21	134.53
652.56	149.10
652.91	146.73
653.26	142.89
653.61	141.19
653.96	138.48
654.31	146.39
654.66	140.51
655.00	135.88
655.35	136.22
655.70	133.62
656.05	153.40
656.40	148.08
656.75	144.13
657.10	144.58
657.44	134.53
657.79	140.51
658.14	144.13
658.49	145.49
658.84	139.95
659.19	151.14
659.53	138.82
659.88	160.51
660.23	133.40
660.58	145.37
660.93	145.26
661.27	138.82
661.62	137.35
661.97	138.37
662.32	140.18
662.66	141.98
663.01	144.69
663.36	134.30
663.71	156.11
664.05	142.55
664.40	146.62
664.75	138.59
665.10	144.69
665.44	133.51
665.79	140.29
666.14	150.23
666.49	148.76
666.83	140.18
667.18	146.16
667.53	138.93
667.87	136.22
668.22	148.88
668.57	144.92
668.92	152.04
669.26	137.24
669.61	140.18
669.96	138.59
670.30	134.53
670.65	135.88
671.00	134.64
671.34	151.25
671.69	137.58
672.03	137.80
672.38	152.49
672.73	144.92
673.07	131.25
673.42	136.79
673.77	135.09
674.11	149.44
674.46	146.73
674.80	151.81
675.15	152.83
675.50	137.92
675.84	141.19
676.19	133.40
676.53	132.38
676.88	145.15
677.23	131.36
677.57	145.71
677.92	145.60
678.26	132.83
678.61	141.42
678.95	144.13
679.30	133.28
679.64	142.32
679.99	131.02
680.34	130.91
680.68	145.03
681.03	152.72
681.37	126.05
681.72	132.04
682.06	132.15
682.41	152.72
682.75	130.91
683.10	136.90
683.44	141.53
683.79	147.41
684.13	134.64
684.48	145.37
684.82	138.25
685.17	134.75
685.51	151.25
685.85	140.63
686.20	129.33
686.54	148.76
686.89	131.36
687.23	142.32
687.58	138.48
687.92	140.18
688.26	138.59
688.61	151.59
688.95	144.69
689.30	138.03
689.64	141.30
689.99	135.77
690.33	151.02
690.67	133.96
691.02	151.47
691.36	161.64
691.70	131.02
692.05	148.65
692.39	137.69
692.74	154.41
693.08	135.54
693.42	132.49
693.77	150.80
694.11	135.20
694.45	127.52
694.80	135.88
695.14	135.20
695.48	146.28
695.83	130.34
696.17	139.72
696.51	131.47
696.86	145.26
697.20	143.00
697.54	118.37
697.88	141.87
698.23	129.44
698.57	132.94
698.91	141.19
699.26	144.69
699.60	126.28
699.94	150.12
700.28	130.34
700.63	135.09
700.97	139.27
701.31	137.46
701.65	143.00
702.00	125.37
702.34	131.59
702.68	144.81
703.02	143.68
703.36	140.18
703.71	131.93
704.05	136.22
704.39	128.42
704.73	136.67
705.07	137.12
705.42	137.58
705.76	133.28
706.10	148.08
706.44	144.24
706.78	135.20
707.13	143.90
707.47	137.92
707.81	144.36
708.15	138.03
708.49	144.13
708.83	145.71
709.17	150.01
709.52	138.37
709.86	146.84
710.20	139.95
710.54	136.22
710.88	136.11
711.22	133.28
711.56	144.47
711.90	132.83
712.24	135.99
712.59	139.16
712.93	150.57
713.27	152.27
713.61	134.07
713.95	141.87
714.29	143.34
714.63	131.47
714.97	139.61
715.31	149.21
715.65	133.96
715.99	147.52
716.33	138.14
716.67	133.73
717.01	139.05
717.35	161.53
717.69	130.46
718.03	133.85
718.37	142.43
718.71	141.98
719.05	146.73
719.39	138.93
719.73	134.86
720.07	138.48
720.41	136.79
720.75	131.59
721.09	143.11
721.43	136.67
721.77	141.42
722.11	140.85
722.45	158.14
722.79	142.10
723.13	133.51
723.47	128.65
723.81	136.33
724.15	145.60
724.48	133.28
724.82	145.71
725.16	141.53
725.50	146.39
725.84	143.00
726.18	145.03
726.52	136.67
726.86	124.81
727.20	151.14
727.54	137.35
727.87	138.14
728.21	154.41
728.55	143.90
728.89	148.20
729.23	142.55
729.57	146.28
729.91	129.44
730.24	132.94
730.58	138.14
730.92	148.76
731.26	154.52
731.60	138.03
731.93	141.76
732.27	142.77
732.61	139.38
732.95	148.65
733.29	153.06
733.62	139.61
733.96	133.73
734.30	125.60
734.64	123.00
734.98	128.65
735.31	135.43
735.65	138.14
735.99	141.64
736.33	141.64
736.66	124.81
737.00	153.62
737.34	130.01
737.67	129.67
738.01	140.74
738.35	138.82
738.69	143.68
739.02	142.89
739.36	123.23
739.70	128.08
740.03	132.38
740.37	140.06
740.71	144.47
741.04	141.08
741.38	134.19
741.72	150.23
742.06	140.51
742.39	126.39
742.73	133.73
743.06	134.75
743.40	128.65
743.74	147.18
744.07	146.62
744.41	116.45
744.75	125.94
745.08	143.00
745.42	144.13
745.75	152.83
746.09	146.39
746.43	132.38
746.76	137.12
747.10	146.05
747.43	138.03
747.77	135.32
748.11	130.12
748.44	127.86
748.78	140.29
749.11	135.32
749.45	135.32
749.78	139.50
750.12	133.28
750.46	138.71
750.79	127.63
751.13	153.28
751.46	139.95
751.80	141.64
752.13	141.87
752.47	147.86
752.80	141.30
753.14	132.94
753.47	139.05
753.81	150.57
754.14	151.93
754.48	156.45
754.81	140.06
755.15	133.96
755.48	140.97
755.81	141.30
756.15	143.34
756.48	133.96
756.82	141.42
757.15	137.12
757.49	140.63
757.82	134.30
758.16	146.73
758.49	142.43
758.82	139.50
759.16	150.91
759.49	145.03
759.83	144.92
760.16	142.89
760.49	148.20
760.83	126.28
761.16	151.70
761.50	139.61
761.83	141.98
762.16	141.87
762.50	137.24
762.83	132.04
763.16	136.67
763.50	147.18
763.83	143.11
764.16	136.45
764.50	148.88
764.83	150.80
765.16	137.69
765.50	132.04
765.83	148.54
766.16	148.42
766.50	146.28
766.83	138.71
767.16	148.20
767.49	141.30
767.83	137.92
768.16	136.45
768.49	143.79
768.83	128.88
769.16	122.77
769.49	139.05
769.82	137.69
770.16	152.60
770.49	149.44
770.82	123.11
771.15	128.42
771.49	151.59
771.82	135.99
772.15	137.80
772.48	153.40
772.81	142.10
773.15	143.90
773.48	120.85
773.81	148.76
774.14	160.74
774.47	145.49
774.81	139.61
775.14	129.78
775.47	133.40
775.80	146.62
776.13	134.53
776.46	135.20
776.79	142.89
777.13	131.59
777.46	147.41
777.79	138.37
778.12	124.24
778.45	145.15
778.78	139.95
779.11	147.41
779.44	126.28
779.78	125.83
780.11	139.61
780.44	143.23
780.77	136.90
781.10	140.97
781.43	144.81
781.76	128.31
782.09	135.99
782.42	141.19
782.75	135.77
783.08	148.42
783.41	130.23
783.74	150.91
784.07	140.40
784.40	147.41
784.73	142.55
785.06	143.11
785.40	151.14
785.73	134.64
786.06	133.85
786.39	141.08
786.72	142.21
787.05	126.28
787.37	140.29
787.70	140.51
788.03	143.79
788.36	141.53
788.69	126.28
789.02	133.73
789.35	136.56
789.68	144.92
790.01	141.19
790.34	134.07
790.67	126.50
791.00	128.20
791.33	139.84
791.66	139.50
791.99	149.33
792.32	136.45
792.65	139.72
792.97	135.20
793.30	141.64
793.63	152.15
793.96	122.44
794.29	132.38
794.62	131.14
794.95	129.44
795.28	138.59
795.60	148.31
795.93	132.27
796.26	131.59
796.59	144.36
796.92	137.01
797.25	143.11
797.57	127.07
797.90	130.68
798.23	126.05
798.56	149.44
798.89	143.45
799.22	140.63
799.54	152.38
799.87	136.79
800.20	147.18
800.53	139.38
800.85	132.04
801.18	128.54
801.51	149.33
801.84	136.11
802.16	151.36
802.49	144.58
802.82	148.08
803.15	136.45
803.47	153.85
803.80	132.72
804.13	135.09
804.46	134.19
804.78	123.45
805.11	126.16
805.44	146.50
805.76	136.22
806.09	143.11
806.42	140.40
806.74	148.99
807.07	141.19
807.40	119.27
807.73	141.19
808.05	143.23
808.38	150.34
808.70	148.99
809.03	137.92
809.36	123.90
809.68	155.20
810.01	135.99
810.34	141.53
810.66	145.94
810.99	149.44
811.31	135.77
811.64	138.93
811.97	145.49
812.29	144.47
812.62	140.18
812.94	130.80
813.27	153.85
813.60	145.94
813.92	131.02
814.25	142.89
814.57	123.11
814.90	137.46
815.22	141.42
815.55	137.01
815.87	140.51
816.20	133.85
816.53	138.82
816.85	136.45
817.18	135.99
817.50	134.41
817.83	135.66
818.15	147.75
818.48	141.98
818.80	137.69
819.13	139.95
819.45	144.69
819.78	148.20
820.10	144.81
820.42	120.85
820.75	150.68
821.07	147.29
821.40	140.18
821.72	147.75
822.05	147.75
822.37	132.94
822.70	137.12
823.02	134.98
823.34	135.77
823.67	135.88
823.99	130.23
824.32	130.80
824.64	151.59
824.96	138.25
825.29	134.64
825.61	133.51
825.94	141.19
826.26	131.70
826.58	132.94
826.91	136.79
827.23	125.49
827.55	148.88
827.88	128.08
828.20	119.16
828.52	141.42
828.85	143.34
829.17	131.59
829.49	130.46
829.82	132.15
830.14	127.86
830.46	145.60
830.79	144.69
831.11	136.33
831.43	144.47
831.75	127.41
832.08	135.20
832.40	137.01
832.72	134.86
833.04	127.97
833.37	150.01
833.69	152.38
834.01	150.68
834.33	179.72
834.66	145.82
834.98	150.12
835.30	129.67
835.62	130.57
835.95	133.96
836.27	139.05
836.59	147.97
836.91	144.47
837.23	137.92
837.56	134.75
837.88	133.40
838.20	121.42
838.52	147.41
838.84	146.39
839.16	123.90
839.49	141.08
839.81	149.33
840.13	146.62
840.45	150.46
840.77	142.10
841.09	132.94
841.41	143.23
841.73	126.84
842.06	141.87
842.38	133.73
842.70	142.77
843.02	145.60
843.34	141.87
843.66	137.69
843.98	129.21
844.30	144.36
844.62	139.27
844.94	135.54
845.26	145.49
845.58	137.35
845.90	139.72
846.23	146.95
846.55	134.41
846.87	138.14
847.19	139.95
847.51	157.12
847.83	143.56
848.15	136.67
848.47	136.33
848.79	142.10
849.11	141.76
849.43	147.63
849.75	150.68
850.07	138.14
850.39	140.51
850.71	137.92
851.03	133.85
851.34	125.37
851.66	124.36
851.98	138.37
852.30	136.33
852.62	141.30
852.94	140.85
853.26	127.18
853.58	139.61
853.90	149.33
854.22	149.21
854.54	135.66
854.86	139.95
855.18	135.88
855.49	138.14
855.81	127.52
856.13	140.40
856.45	118.93
856.77	128.88
857.09	135.88
857.41	138.48
857.73	142.55
858.04	146.39
858.36	142.21
858.68	140.63
859.00	132.94
859.32	153.62
859.63	142.32
859.95	143.56
860.27	134.41
860.59	127.63
860.91	136.22
861.23	134.64
861.54	128.65
861.86	146.50
862.18	140.29
862.50	131.93
862.81	133.62
863.13	146.84
863.45	142.66
863.77	142.77
864.08	149.21
864.40	132.94
864.72	147.52
865.04	144.47
865.35	127.86
865.67	141.53
865.99	135.99
866.30	155.20
866.62	144.02
866.94	137.58
867.26	121.98
867.57	139.38
867.89	137.12
868.21	137.01
868.52	151.47
868.84	143.68
869.16	152.15
869.47	141.53
869.79	135.20
870.10	132.83
870.42	136.11
870.74	139.05
871.05	136.56
871.37	136.90
871.69	144.47
872.00	131.25
872.32	147.18
872.63	136.90
872.95	148.20
873.27	136.33
873.58	139.50
873.90	150.12
874.21	153.40
874.53	150.91
874.84	141.87
875.16	148.31
875.48	143.34
875.79	147.41
876.11	144.81
876.42	146.28
876.74	145.94
877.05	126.84
877.37	139.16
877.68	140.85
878.00	138.14
878.31	132.49
878.63	136.33
878.94	128.42
879.26	122.66
879.57	128.65
879.89	157.35
880.20	149.33
880.52	145.37
880.83	133.85
881.14	148.31
881.46	144.47
881.77	127.86
882.09	132.83
882.40	149.67
882.72	144.24
883.03	152.38
883.34	142.89
883.66	132.04
883.97	146.39
884.29	140.63
884.60	135.32
884.91	135.88
885.23	128.20
885.54	134.41
885.86	131.36
886.17	135.43
886.48	143.45
886.80	141.53
887.11	142.32
887.42	141.64
887.74	137.92
888.05	132.38
888.36	144.13
888.68	134.75
888.99	132.15
889.30	138.14
889.62	151.14
889.93	142.66
890.24	130.46
890.55	140.40
890.87	127.18
891.18	147.63
891.49	142.10
891.80	137.24
892.12	137.92
892.43	134.19
892.74	134.98
893.05	140.85
893.37	141.87
893.68	143.00
893.99	132.72
894.30	134.19
894.62	140.63
894.93	130.80
895.24	133.06
895.55	136.79
895.86	147.86
896.18	127.29
896.49	140.51
896.80	128.88
897.11	138.93
897.42	157.01
897.73	142.66
898.05	136.11
898.36	144.47
898.67	145.15
898.98	141.42
899.29	133.85
899.60	151.36
899.91	129.89
900.23	136.56
900.54	132.15
900.85	134.98
901.16	125.37
901.47	145.60
901.78	140.85
902.09	136.79
902.40	139.50
902.71	130.34
903.02	113.74
903.33	136.79
903.64	146.16
903.95	143.34
904.27	154.52
904.58	126.39
904.89	133.73
905.20	146.95
905.51	139.72
905.82	134.07
906.13	132.49
906.44	138.93
906.75	128.76
907.06	137.46
907.37	141.08
907.68	139.72
907.99	157.12
908.30	142.89
908.61	123.45
908.91	130.01
909.22	137.92
909.53	120.85
909.84	119.72
910.15	119.27
910.46	132.49
910.77	144.13
911.08	136.33
911.39	145.82
911.70	138.59
912.01	140.06
912.32	151.47
912.63	141.08
912.93	134.64
913.24	129.21
913.55	140.97
913.86	151.25
914.17	141.53
914.48	141.42
914.79	145.71
915.09	146.39
915.40	151.93
915.71	135.09
916.02	143.68
916.33	147.52
916.64	129.55
916.94	146.16
917.25	134.19
917.56	143.23
917.87	145.15
918.18	135.66
918.48	139.84
918.79	147.41
919.10	131.36
919.41	139.72
919.72	139.72
920.02	124.02
920.33	127.97
920.64	142.77
920.95	141.64
921.25	140.63
921.56	140.51
921.87	142.21
922.17	144.47
922.48	135.77
922.79	133.06
923.10	134.19
923.40	144.47
923.71	132.04
924.02	131.81
924.32	129.33
924.63	138.37
924.94	133.96
925.24	132.94
925.55	130.01
925.86	136.90
926.16	144.13
926.47	140.63
926.78	143.23
927.08	138.59
927.39	128.88
927.69	144.69
928.00	134.19
928.31	140.51
928.61	130.91
928.92	143.90
929.22	152.15
929.53	142.66
929.84	143.34
930.14	138.37
930.45	139.27
930.75	134.53
931.06	136.90
931.36	141.64
931.67	147.52
931.97	151.14
932.28	128.20
932.58	143.00
932.89	141.87
933.20	132.94
933.50	151.02
933.81	130.46
934.11	127.18
934.42	123.00
934.72	137.69
935.03	139.61
935.33	130.12
935.63	126.16
935.94	133.06
936.24	138.37
936.55	113.85
936.85	143.79
937.16	123.34
937.46	140.18
937.77	134.41
938.07	140.63
938.37	142.66
938.68	131.47
938.98	136.90
939.29	139.27
939.59	145.49
939.89	151.93
940.20	148.31
940.50	133.17
940.81	133.85
941.11	134.19
941.41	141.87
941.72	142.77
942.02	133.62
942.32	140.97
942.63	126.96
942.93	135.43
943.23	145.15
943.54	136.45
943.84	144.58
944.14	145.37
944.45	130.12
944.75	136.45
945.05	137.46
945.35	130.91
945.66	131.70
945.96	137.01
946.26	145.94
946.57	136.67
946.87	145.03
947.17	139.38
947.47	147.52
947.78	142.43
948.08	133.51
948.38	117.92
948.68	135.43
948.98	142.10
949.29	149.21
949.59	132.49
949.89	141.76
950.19	148.31
950.49	140.29
950.80	138.48
951.10	134.98
951.40	150.34
951.70	123.90
952.00	131.02
952.30	138.37
952.61	143.90
952.91	147.86
953.21	132.15
953.51	144.13
953.81	138.82
954.11	136.79
954.41	133.73
954.72	134.07
955.02	139.84
955.32	123.11
955.62	143.34
955.92	135.32
956.22	131.14
956.52	135.09
956.82	141.64
957.12	143.23
957.42	133.06
957.72	137.46
958.02	126.28
958.32	146.50
958.62	145.15
958.92	135.32
959.22	137.35
959.52	136.33
959.82	131.02
960.13	139.05
960.43	140.18
960.72	128.54
961.02	137.80
961.32	139.38
961.62	118.48
961.92	154.86
962.22	147.18
962.52	146.84
962.82	140.85
963.12	133.62
963.42	119.27
963.72	130.68
964.02	136.67
964.32	144.69
964.62	141.19
964.92	142.77
965.22	132.04
965.52	141.08
965.82	131.36
966.11	133.96
966.41	139.84
966.71	131.70
967.01	129.44
967.31	131.59
967.61	117.92
967.91	138.93
968.20	139.61
968.50	129.55
968.80	129.33
969.10	153.73
969.40	128.20
969.70	133.73
969.99	121.31
970.29	139.27
970.59	137.12
970.89	133.96
971.19	139.95
971.48	141.19
971.78	131.93
972.08	143.23
972.38	146.62
972.67	143.00
972.97	133.51
973.27	147.97
973.57	131.81
973.86	137.58
974.16	127.97
974.46	130.34
974.76	132.60
975.05	137.24
975.35	125.49
975.65	144.81
975.94	138.93
976.24	148.88
976.54	130.68
976.84	141.08
977.13	143.34
977.43	130.80
977.73	139.16
978.02	138.25
978.32	146.39
978.61	132.72
978.91	135.54
979.21	135.88
979.50	134.30
979.80	146.62
980.10	127.63
980.39	125.60
980.69	139.72
980.98	144.24
981.28	127.75
981.58	125.94
981.87	131.81
982.17	146.05
982.46	140.06
982.76	131.14
983.05	149.55
983.35	138.82
983.65	136.56
983.94	130.34
984.24	132.60
984.53	139.50
984.83	140.29
985.12	132.60
985.42	138.93
985.71	128.20
986.01	145.37
986.30	141.87
986.60	141.87
986.89	111.81
987.19	139.16
987.48	132.49
987.78	137.01
988.07	135.20
988.36	132.49
988.66	111.02
988.95	139.27
989.25	134.41
989.54	127.52
989.84	142.43
990.13	145.60
990.42	118.71
990.72	126.39
991.01	133.85
991.31	121.98
991.60	130.01
991.89	135.99
992.19	123.79
992.48	130.80
992.77	145.49
993.07	131.14
993.36	141.19
993.66	139.50
993.95	146.16
994.24	138.59
994.54	144.47
994.83	148.65
995.12	135.43
995.41	143.68
995.71	145.37
996.00	130.80
996.29	127.75
996.59	128.08
996.88	144.81
997.17	135.43
997.46	130.01
997.76	124.92
998.05	126.96
998.34	130.80
998.63	125.49
998.93	127.41
999.22	125.83
999.51	135.99
999.80	139.05
1000.10	140.63
1000.39	130.34
1000.68	136.67
1000.97	141.87
1001.26	145.71
1001.56	147.29
1001.85	138.71
1002.14	124.02
1002.43	142.89
1002.72	129.10
1003.01	134.86
1003.31	143.79
1003.60	135.88
1003.89	134.53
1004.18	127.07
1004.47	134.41
1004.76	139.38
1005.05	131.47
1005.34	134.86
1005.63	129.44
1005.93	138.82
1006.22	128.65
1006.51	122.21
1006.80	119.95
1007.09	129.33
1007.38	136.45
1007.67	146.39
1007.96	141.76
1008.25	135.43
1008.54	139.84
1008.83	145.49
1009.12	143.11
1009.41	144.13
1009.70	136.56
1009.99	147.75
1010.28	140.74
1010.57	139.61
1010.86	143.56
1011.15	153.73
1011.44	133.17
1011.73	144.13
1012.02	134.75
1012.31	144.69
1012.60	137.24
1012.89	145.26
1013.18	134.64
1013.47	141.19
1013.76	132.72
1014.05	131.81
1014.34	155.65
1014.63	138.48
1014.91	134.19
1015.20	130.46
1015.49	138.71
1015.78	133.17
1016.07	139.95
1016.36	136.11
1016.65	140.97
1016.94	146.28
1017.23	135.77
1017.51	135.88
1017.80	133.73
1018.09	143.00
1018.38	138.14
1018.67	136.67
1018.96	143.34
1019.24	129.89
1019.53	129.33
1019.82	132.27
1020.11	132.15
1020.40	139.72
1020.68	125.71
1020.97	128.76
1021.26	134.30
1021.55	131.14
1021.83	136.11
1022.12	155.99
1022.41	132.72
1022.70	136.22
1022.98	133.17
1023.27	135.66
1023.56	131.59
1023.85	132.49
1024.13	154.30
1024.42	139.05
1024.71	137.46
1024.99	137.35
1025.28	133.62
1025.57	151.93
1025.85	136.33
1026.14	134.64
1026.43	126.28
1026.71	139.50
1027.00	123.11
1027.29	131.25
1027.57	138.03
1027.86	135.88
1028.15	136.11
1028.43	124.92
1028.72	137.12
1029.01	149.10
1029.29	139.16
1029.58	138.93
1029.86	132.49
1030.15	145.71
1030.44	128.99
1030.72	134.64
1031.01	132.38
1031.29	146.05
1031.58	148.31
1031.86	150.80
1032.15	142.43
1032.43	134.41
1032.72	135.66
1033.00	132.27
1033.29	135.77
1033.57	140.74
1033.86	132.27
