340.66	1269.12
341.05	1269.12
341.43	1269.12
341.81	1205.05
342.20	1169.46
342.58	1183.13
342.96	1159.74
343.35	1146.98
343.73	1168.10
344.11	1153.75
344.49	1150.14
344.88	1123.36
345.26	1127.20
345.64	1138.61
346.03	1156.13
346.41	1136.81
346.79	1142.68
347.17	1159.40
347.56	1163.59
347.94	1167.54
348.32	1176.01
348.70	1183.58
349.09	1176.01
349.47	1188.90
349.85	1207.76
350.24	1233.53
350.62	1225.84
351.00	1279.97
351.38	1250.14
351.76	1252.74
352.15	1256.13
352.53	1269.23
352.91	1269.68
353.29	1273.64
353.68	1291.38
354.06	1286.29
354.44	1294.99
354.82	1314.43
355.20	1301.77
355.59	1320.08
355.97	1338.50
356.35	1315.33
356.73	1328.55
357.11	1312.17
357.50	1326.63
357.88	1309.57
358.26	1319.40
358.64	1318.50
359.02	1363.13
359.40	1337.14
359.79	1330.59
360.17	1325.16
360.55	1323.13
360.93	1312.28
361.31	1338.16
361.69	1327.87
362.07	1330.02
362.46	1308.10
362.84	1335.56
363.22	1318.16
363.60	1320.53
363.98	1314.20
364.36	1323.92
364.74	1321.55
365.12	1325.95
365.51	1324.94
365.89	1324.03
366.27	1324.60
366.65	1321.55
367.03	1333.98
367.41	1336.01
367.79	1315.45
368.17	1320.42
368.55	1309.68
368.93	1317.14
369.31	1330.36
369.69	1327.87
370.08	1327.54
370.46	1323.13
370.84	1318.50
371.22	1324.82
371.60	1314.88
371.98	1328.44
372.36	1324.60
372.74	1328.67
373.12	1315.11
373.50	1328.33
373.88	1323.02
374.26	1335.56
374.64	1323.02
375.02	1323.69
375.40	1317.93
375.78	1378.16
376.16	1315.45
376.54	1339.40
376.92	1333.64
377.30	1344.60
377.68	1339.74
378.06	1313.98
378.44	1315.45
378.82	1324.15
379.20	1318.95
379.58	1317.48
379.96	1318.84
380.34	1323.24
380.72	1313.07
381.10	1320.64
381.48	1327.31
381.86	1340.64
382.24	1329.23
382.62	1338.61
383.00	1327.31
383.37	1326.07
383.75	1327.08
384.13	1334.09
384.51	1312.85
384.89	1312.51
385.27	1319.29
385.65	1316.46
386.03	1334.65
386.41	1319.40
386.79	1337.03
387.17	1331.72
387.55	1333.41
387.92	1385.61
388.30	1333.41
388.68	1332.62
389.06	1338.16
389.44	1325.73
389.82	1330.02
390.20	1334.77
390.58	1333.75
390.95	1337.70
391.33	1320.08
391.71	1350.59
392.09	1336.12
392.47	1333.52
392.85	1329.91
393.23	1318.04
393.60	1346.52
393.98	1326.18
394.36	1331.04
394.74	1328.78
395.12	1333.07
395.49	1361.21
395.87	1332.73
396.25	1342.11
396.63	1340.76
397.01	1338.50
397.39	1335.22
397.76	1326.41
398.14	1355.44
398.52	1332.28
398.90	1332.39
399.27	1345.28
399.65	1341.21
400.03	1331.04
400.41	1340.64
400.79	1343.24
401.16	1356.01
401.54	1349.12
401.92	1337.82
402.30	1344.26
402.67	1340.76
403.05	1348.78
403.43	1338.04
403.81	1348.44
404.18	1354.09
404.56	1360.98
404.94	1339.29
405.31	1361.89
405.69	1345.05
406.07	1354.88
406.45	1333.75
406.82	1338.04
407.20	1350.92
407.58	1347.54
407.95	1358.27
408.33	1354.99
408.71	1371.26
409.09	1359.63
409.46	1345.61
409.84	1361.21
410.22	1332.28
410.59	1361.21
410.97	1350.02
411.35	1348.78
411.72	1361.09
412.10	1352.96
412.48	1346.07
412.85	1372.85
413.23	1352.96
413.60	1343.92
413.98	1353.64
414.36	1338.83
414.73	1334.65
415.11	1347.87
415.49	1351.15
415.86	1360.76
416.24	1363.69
416.61	1362.79
416.99	1362.79
417.37	1365.73
417.74	1354.09
418.12	1343.02
418.49	1353.18
418.87	1332.28
419.25	1344.48
419.62	1366.86
420.00	1339.51
420.37	1349.57
420.75	1345.05
421.12	1355.78
421.50	1347.08
421.88	1351.15
422.25	1381.88
422.63	1364.71
423.00	1349.80
423.38	1354.20
423.75	1356.12
424.13	1348.89
424.50	1359.96
424.88	1361.09
425.25	1368.89
425.63	1378.04
426.01	1351.83
426.38	1358.38
426.76	1358.04
427.13	1369.34
427.51	1363.92
427.88	1417.70
428.26	1368.89
428.63	1356.80
429.00	1360.08
429.38	1359.74
429.75	1363.92
430.13	1383.69
430.50	1367.20
430.88	1349.23
431.25	1367.08
431.63	1359.17
432.00	1353.98
432.38	1370.36
432.75	1375.44
433.13	1370.36
433.50	1353.98
433.87	1366.52
434.25	1352.05
434.62	1362.56
435.00	1378.95
435.37	1371.49
435.75	1369.57
436.12	1383.58
436.49	1366.86
436.87	1367.20
437.24	1358.61
437.62	1359.40
437.99	1375.11
438.36	1377.48
438.74	1376.69
439.11	1358.16
439.49	1373.98
439.86	1373.18
440.23	1382.79
440.61	1386.07
440.98	1365.39
441.35	1343.24
441.73	1364.82
442.10	1362.11
442.47	1375.44
442.85	1383.69
443.22	1353.41
443.60	1366.40
443.97	1365.73
444.34	1349.46
444.71	1364.48
445.09	1366.97
445.46	1384.37
445.83	1370.13
446.21	1390.92
446.58	1368.44
446.95	1360.30
447.33	1381.55
447.70	1374.09
448.07	1356.12
448.45	1372.28
448.82	1382.79
449.19	1369.12
449.56	1366.63
449.94	1372.62
450.31	1370.92
450.68	1373.75
451.05	1375.67
451.43	1385.05
451.80	1376.01
452.17	1369.91
452.54	1389.00
452.92	1387.65
453.29	1393.97
453.66	1390.25
454.03	1417.02
454.41	1395.90
454.78	1397.03
455.15	1390.13
455.52	1392.84
455.89	1414.54
456.27	1401.21
456.64	1393.75
457.01	1411.26
457.38	1438.95
457.75	1416.69
458.13	1414.09
458.50	1417.82
458.87	1472.73
459.24	1432.05
459.61	1432.73
459.99	1448.66
460.36	1426.74
460.73	1431.94
461.10	1441.54
461.47	1435.10
461.84	1445.16
462.21	1454.31
462.59	1457.36
462.96	1456.80
463.33	1452.05
463.70	1476.12
464.07	1472.50
464.44	1485.84
464.81	1478.04
465.18	1466.18
465.56	1508.32
465.93	1522.78
466.30	1524.48
466.67	1519.85
467.04	1518.94
467.41	1534.65
467.78	1556.91
468.15	1557.70
468.52	1569.00
468.89	1612.50
469.26	1613.52
469.64	1618.71
470.01	1637.92
470.38	1708.54
470.75	1689.56
471.12	1694.19
471.49	1729.56
471.86	1739.95
472.23	1774.19
472.60	1818.48
472.97	1852.15
473.34	1885.60
473.71	1910.23
474.08	2019.61
474.45	2086.95
474.82	2137.91
475.19	2231.81
475.56	2321.52
475.93	2408.52
476.30	2533.15
476.67	2634.51
477.04	2728.74
477.41	2892.13
477.78	3041.84
478.15	3183.98
478.52	3333.25
478.89	3514.48
479.26	3674.25
479.63	3864.87
480.00	4016.17
480.37	4230.85
480.74	4456.61
481.11	4681.68
481.48	4933.32
481.84	5201.56
482.21	5457.48
482.58	5752.62
482.95	6003.80
483.32	6274.07
483.69	6673.72
484.06	7112.92
484.43	7511.10
484.80	7967.81
485.17	8394.92
485.54	8852.76
485.90	9223.60
486.27	9814.88
486.64	10433.74
487.01	11382.64
487.38	12080.02
487.75	12657.07
488.12	13529.59
488.49	14105.50
488.85	14978.82
489.22	15738.91
489.59	16458.10
489.96	17071.19
490.33	17948.00
490.70	18735.67
491.07	19569.43
491.43	20187.49
491.80	20917.98
492.17	21672.54
492.54	22505.85
492.91	23218.94
493.27	24145.01
493.64	24359.02
494.01	25001.49
494.38	25979.54
494.75	26564.39
495.11	26776.02
495.48	27716.90
495.85	28045.25
496.22	28656.20
496.59	29119.23
496.95	29990.40
497.32	30560.89
497.69	31540.98
498.06	32457.34
498.42	33133.03
498.79	34085.21
499.16	34839.54
499.53	35655.67
499.89	36143.80
500.26	37009.31
500.63	37534.61
501.00	38054.14
501.36	39110.72
501.73	40088.21
502.10	39801.67
502.46	40949.21
502.83	41760.60
503.20	42388.38
503.57	43389.14
503.93	44233.41
504.30	44794.87
504.67	46218.67
505.03	47423.27
505.40	48697.59
505.77	48832.39
506.13	49230.00
506.50	49924.90
506.87	50666.46
507.23	51809.15
507.60	52530.14
507.97	53080.75
508.33	53989.77
508.70	54346.82
509.07	53723.90
509.43	55032.79
509.80	55400.24
510.16	55610.97
510.53	55800.34
510.90	56533.77
511.26	57415.21
511.63	57619.84
511.99	58172.14
512.36	58571.45
512.73	59206.24
513.09	59693.46
513.46	59890.40
513.82	60685.07
514.19	60995.91
514.56	60944.27
514.92	60857.83
515.29	60964.27
515.65	61617.81
516.02	61811.37
516.38	61876.57
516.75	61820.18
517.11	61920.52
517.48	62256.67
517.85	62428.08
518.21	62919.81
518.58	62995.52
518.94	63120.15
519.31	63282.63
519.67	63176.76
520.04	63242.07
520.40	63122.97
520.77	63159.24
521.13	63338.22
521.50	63459.57
521.86	63496.41
522.23	63605.11
522.59	63619.68
522.96	63331.10
523.32	63035.74
523.69	62866.03
524.05	62921.06
524.42	62669.09
524.78	62585.70
525.15	62225.60
525.51	61846.62
525.87	61620.87
526.24	61072.52
526.60	60617.39
526.97	59913.79
527.33	59612.78
527.70	58796.08
528.06	58387.17
528.42	57421.20
528.79	56596.25
529.15	55695.94
529.52	55571.76
529.88	54271.79
530.24	52920.87
530.61	52213.77
530.97	51586.89
531.34	50616.64
531.70	49550.34
532.06	48537.82
532.43	46583.41
532.79	45340.62
533.16	44233.19
533.52	43460.55
533.88	42426.91
534.25	40990.56
534.61	39213.32
534.97	37996.29
535.34	37352.80
535.70	35719.96
536.06	34780.44
536.43	33786.46
536.79	32961.85
537.15	32418.58
537.52	31660.64
537.88	30400.78
538.24	29618.20
538.60	29305.56
538.97	28279.14
539.33	27483.91
539.69	26507.78
540.06	25836.83
540.42	25163.07
540.78	24229.19
541.15	23422.21
541.51	23002.56
541.87	22246.42
542.23	22116.48
542.60	21510.51
542.96	21019.90
543.32	20115.86
543.68	19783.21
544.05	19395.65
544.41	18565.27
544.77	18325.51
545.13	18004.16
545.49	17487.22
545.86	16816.96
546.22	16572.33
546.58	16145.23
546.94	16004.66
547.31	15583.43
547.67	15081.41
548.03	14798.48
548.39	14431.03
548.75	14177.14
549.11	13862.46
549.48	13433.43
549.84	12956.83
550.20	12748.59
550.56	12324.42
550.92	12231.32
551.28	12012.34
551.65	11686.47
552.01	11322.41
552.37	11077.45
552.73	10837.34
553.09	10669.21
553.45	10384.36
553.81	10240.52
554.18	10076.12
554.54	9989.57
554.90	9775.11
555.26	9509.81
555.62	9156.26
555.98	9049.71
556.34	8930.50
556.70	8881.91
557.06	8663.16
557.42	8521.36
557.79	8341.70
558.15	8079.79
558.51	7992.22
558.87	7856.52
559.23	7766.12
559.59	7645.67
559.95	7537.20
560.31	7415.62
560.67	7361.39
561.03	7203.99
561.39	7038.80
561.75	6928.18
562.11	6857.33
562.47	6690.33
562.83	6582.76
563.19	6479.60
563.55	6378.70
563.91	6272.26
564.27	6148.09
564.63	6004.14
564.99	5931.26
565.35	5819.85
565.71	5708.32
566.07	5670.36
566.43	5601.77
566.79	5501.66
567.15	5396.58
567.51	5275.57
567.87	5168.34
568.23	5087.44
568.59	5143.37
568.95	5045.07
569.31	4977.61
569.67	4850.83
570.03	4720.67
570.39	4579.65
570.75	4543.27
571.11	4436.04
571.46	4419.77
571.82	4291.07
572.18	4228.25
572.54	4122.72
572.90	4077.29
573.26	3970.07
573.62	3890.97
573.98	3815.49
574.34	3748.38
574.70	3623.52
575.05	3554.37
575.41	3573.58
575.77	3488.04
576.13	3446.12
576.49	3326.13
576.85	3262.63
577.21	3249.29
577.56	3151.78
577.92	3101.27
578.28	3061.39
578.64	2969.87
579.00	2930.88
579.36	2874.95
579.71	2816.76
580.07	2757.33
580.43	2778.01
580.79	2718.80
581.15	2663.21
581.50	2651.79
581.86	2591.01
582.22	2528.63
582.58	2504.34
582.94	2441.63
583.29	2425.81
583.65	2400.95
584.01	2362.88
584.37	2347.06
584.72	2314.06
585.08	2268.53
585.44	2246.72
585.80	2230.68
586.15	2195.54
586.51	2179.49
586.87	2193.73
587.23	2131.02
587.58	2091.58
587.94	2058.25
588.30	2053.28
588.65	2026.61
589.01	2018.37
589.37	2006.61
589.73	1958.93
590.08	1948.54
590.44	1935.43
590.80	1953.17
591.15	1931.14
591.51	1907.18
591.87	1881.42
592.22	1843.45
592.58	1837.58
592.94	1844.70
593.29	1821.42
593.65	1785.04
594.01	1798.48
594.36	1799.73
594.72	1786.96
595.08	1771.37
595.43	1739.50
595.79	1750.12
596.14	1753.85
596.50	1744.81
596.86	1720.41
597.21	1724.02
597.57	1700.75
597.92	1695.77
598.28	1681.88
598.64	1678.83
598.99	1654.65
599.35	1657.81
599.70	1652.50
600.06	1657.58
600.42	1629.00
600.77	1619.73
601.13	1618.38
601.48	1616.91
601.84	1606.40
602.19	1626.62
602.55	1597.59
602.90	1601.20
603.26	1581.99
603.61	1578.38
603.97	1581.77
604.32	1574.87
604.68	1549.11
605.03	1570.92
605.39	1567.98
605.74	1549.00
606.10	1556.23
606.45	1551.48
606.81	1528.21
607.16	1527.76
607.52	1527.53
607.87	1525.95
608.23	1520.64
608.58	1513.63
608.94	1517.59
609.29	1508.89
609.65	1499.40
610.00	1490.92
610.36	1498.72
610.71	1501.09
611.06	1490.70
611.42	1502.33
611.77	1483.46
612.13	1484.25
612.48	1471.37
612.84	1481.20
613.19	1499.62
613.54	1479.85
613.90	1452.05
614.25	1454.20
614.61	1472.39
614.96	1448.44
615.31	1465.05
615.67	1439.74
616.02	1439.28
616.37	1455.78
616.73	1433.07
617.08	1445.05
617.44	1430.81
617.79	1423.24
618.14	1436.57
618.50	1431.83
618.85	1413.97
619.20	1427.99
619.56	1413.97
619.91	1430.02
620.26	1419.28
620.62	1431.71
620.97	1420.30
621.32	1449.00
621.67	1416.91
622.03	1412.62
622.38	1428.10
622.73	1416.01
623.09	1401.09
623.44	1393.52
623.79	1407.76
624.14	1402.79
624.50	1423.24
624.85	1422.22
625.20	1394.65
625.55	1382.45
625.91	1394.77
626.26	1390.92
626.61	1384.03
626.96	1417.14
627.32	1383.69
627.67	1696.00
628.02	1394.09
628.37	1369.79
628.73	1370.25
629.08	1377.25
629.43	1377.25
629.78	1369.57
630.13	1377.48
630.49	1413.52
630.84	1375.67
631.19	1372.85
631.54	1362.34
631.89	1352.96
632.24	1384.82
632.60	1369.23
632.95	1363.02
633.30	1364.82
633.65	1355.11
634.00	1366.52
634.35	1351.83
634.70	1352.51
635.06	1373.52
635.41	1341.66
635.76	1358.61
636.11	1344.71
636.46	1364.48
636.81	1350.02
637.16	1339.17
637.51	1341.66
637.86	1358.16
638.22	1339.85
638.57	1331.38
638.92	1355.67
639.27	1343.24
639.62	1348.55
639.97	1340.42
640.32	1332.06
640.67	1343.92
641.02	1340.98
641.37	1345.05
641.72	1338.27
642.07	1339.29
642.42	1339.17
642.77	1337.14
643.12	1344.82
643.47	1334.09
643.82	1344.15
644.17	1332.06
644.52	1317.93
644.87	1347.54
645.22	1338.83
645.57	1343.69
645.92	1329.23
646.27	1330.25
646.62	1338.83
646.97	1340.98
647.32	1329.57
647.67	1337.93
648.02	1334.32
648.37	1322.90
648.72	1331.49
649.07	1335.78
649.42	1357.59
649.77	1333.52
650.12	1319.40
650.47	1339.74
650.82	1340.87
651.17	1326.97
651.52	1335.78
651.86	1335.45
652.21	1330.02
652.56	1330.93
652.91	1327.76
653.26	1333.86
653.61	1321.32
653.96	1325.73
654.31	1349.68
654.66	1320.87
655.00	1356.69
655.35	1329.68
655.70	1325.95
656.05	1321.66
656.40	1337.25
656.75	1333.86
657.10	1330.13
657.44	1325.16
657.79	1345.95
658.14	1334.09
658.49	1367.87
658.84	1320.30
659.19	1329.34
659.53	1342.22
659.88	1319.17
660.23	1323.13
660.58	1314.65
660.93	1330.13
661.27	1327.76
661.62	1332.96
661.97	1315.67
662.32	1332.85
662.66	1327.99
663.01	1318.84
663.36	1331.15
663.71	1331.38
664.05	1330.36
664.40	1333.64
664.75	1323.92
665.10	1329.23
665.44	1331.04
665.79	1315.11
666.14	1327.42
666.49	1333.86
666.83	1330.36
667.18	1329.91
667.53	1330.70
667.87	1316.58
668.22	1325.39
668.57	1330.93
668.92	1319.51
669.26	1329.12
669.61	1323.92
669.96	1316.24
670.30	1303.47
670.65	1327.54
671.00	1331.04
671.34	1312.96
671.69	1312.85
672.03	1316.58
672.38	1315.67
672.73	1314.77
673.07	1322.56
673.42	1310.36
673.77	1308.33
674.11	1300.30
674.46	1323.92
674.80	1332.73
675.15	1329.46
675.50	1355.78
675.84	1325.28
676.19	1326.18
676.53	1316.91
676.88	1303.81
677.23	1320.87
677.57	1329.68
677.92	1330.25
678.26	1312.62
678.61	1321.55
678.95	1327.99
679.30	1311.83
679.64	1325.84
679.99	1327.65
680.34	1325.73
680.68	1332.28
681.03	1325.28
681.37	1329.57
681.72	1318.95
682.06	1327.76
682.41	1326.41
682.75	1309.80
683.10	1314.54
683.44	1316.58
683.79	1320.19
684.13	1330.70
684.48	1327.42
684.82	1323.92
685.17	1315.45
685.51	1318.38
685.85	1322.45
686.20	1315.22
686.54	1329.80
686.89	1319.85
687.23	1326.74
687.58	1320.87
687.92	1317.25
688.26	1301.21
688.61	1323.13
688.95	1316.91
689.30	1320.53
689.64	1331.83
689.99	1324.48
690.33	1324.48
690.67	1315.67
691.02	1334.43
691.36	1315.67
691.70	1312.62
692.05	1313.30
692.39	1336.46
692.74	1324.71
693.08	1328.33
693.42	1311.94
693.77	1308.67
694.11	1318.95
694.45	1317.14
694.80	1313.30
695.14	1317.93
695.48	1310.02
695.83	1325.28
696.17	1307.20
696.51	1314.88
696.86	1323.36
697.20	1334.77
697.54	1308.55
697.88	1318.16
698.23	1324.71
698.57	1308.89
698.91	1326.63
699.26	1299.17
699.60	1322.23
699.94	1319.85
700.28	1316.01
700.63	1320.98
700.97	1307.31
701.31	1308.44
701.65	1308.55
702.00	1302.56
702.34	1311.15
702.68	1318.38
703.02	1319.40
703.36	1318.61
703.71	1319.85
704.05	1304.94
704.39	1323.47
704.73	1326.74
705.07	1317.59
705.42	1329.68
705.76	1324.48
706.10	1316.46
706.44	1311.26
706.78	1329.80
707.13	1306.52
707.47	1316.12
707.81	1328.67
708.15	1307.76
708.49	1330.13
708.83	1320.08
709.17	1305.84
709.52	1311.60
709.86	1322.00
710.20	1300.98
710.54	1311.94
710.88	1320.76
711.22	1305.62
711.56	1333.19
711.90	1304.82
712.24	1311.94
712.59	1313.19
712.93	1310.70
713.27	1314.99
713.61	1330.59
713.95	1320.53
714.29	1316.35
714.63	1299.06
714.97	1294.99
715.31	1328.33
715.65	1304.94
715.99	1314.77
716.33	1309.01
716.67	1306.63
717.01	1314.54
717.35	1321.89
717.69	1318.38
718.03	1320.64
718.37	1314.65
718.71	1319.29
719.05	1309.34
719.39	1304.94
719.73	1331.15
720.07	1317.93
720.41	1313.98
720.75	1311.38
721.09	1307.20
721.43	1308.44
721.77	1326.63
722.11	1316.80
722.45	1320.42
722.79	1319.51
723.13	1312.85
723.47	1318.38
723.81	1311.49
724.15	1316.69
724.48	1314.54
724.82	1331.38
725.16	1316.58
725.50	1314.43
725.84	1306.18
726.18	1315.90
726.52	1319.29
726.86	1333.41
727.20	1328.33
727.54	1312.85
727.87	1317.82
728.21	1343.81
728.55	1319.51
728.89	1374.43
729.23	1317.14
729.57	1322.23
729.91	1315.90
730.24	1303.02
730.58	1310.36
730.92	1336.01
731.26	1303.69
731.60	1319.29
731.93	1305.73
732.27	1301.89
732.61	1317.03
732.95	1307.99
733.29	1328.55
733.62	1311.26
733.96	1312.85
734.30	1334.54
734.64	1304.71
734.98	1324.37
735.31	1316.24
735.65	1307.65
735.99	1315.90
736.33	1305.50
736.66	1307.76
737.00	1321.89
737.34	1319.97
737.67	1323.58
738.01	1303.13
738.35	1318.72
738.69	1328.33
739.02	1323.36
739.36	1302.00
739.70	1311.94
740.03	1331.04
740.37	1303.24
740.71	1305.84
741.04	1309.80
741.38	1313.07
741.72	1343.35
742.06	1302.79
742.39	1338.04
742.73	1329.46
743.06	1322.68
743.40	1327.31
743.74	1313.75
744.07	1314.20
744.41	1315.11
744.75	1322.90
745.08	1320.53
745.42	1315.56
745.75	1334.77
746.09	1329.46
746.43	1316.01
746.76	1324.82
747.10	1318.61
747.43	1313.64
747.77	1300.98
748.11	1319.74
748.44	1306.18
748.78	1322.00
749.11	1326.18
749.45	1306.18
749.78	1315.11
750.12	1323.13
750.46	1316.46
750.79	1331.60
751.13	1329.91
751.46	1307.76
751.80	1316.69
752.13	1315.11
752.47	1301.77
752.80	1304.94
753.14	1312.06
753.47	1312.39
753.81	1320.98
754.14	1323.47
754.48	1328.33
754.81	1306.97
755.15	1303.81
755.48	1322.23
755.81	1305.73
756.15	1294.54
756.48	1309.80
756.82	1322.45
757.15	1313.86
757.49	1310.70
757.82	1329.00
758.16	1311.49
758.49	1316.35
758.82	1333.86
759.16	1312.06
759.49	1302.90
759.83	1313.64
760.16	1309.80
760.49	1308.21
760.83	1316.58
761.16	1312.17
761.50	1331.15
761.83	1311.60
762.16	1308.89
762.50	1306.97
762.83	1319.85
763.16	1304.26
763.50	1317.14
763.83	1318.16
764.16	1316.80
764.50	1322.68
764.83	1316.80
765.16	1317.93
765.50	1303.81
765.83	1330.47
766.16	1317.03
766.50	1302.00
766.83	1326.74
767.16	1313.86
767.49	1330.47
767.83	1309.34
768.16	1308.89
768.49	1316.24
768.83	1310.02
769.16	1303.81
769.49	1309.57
769.82	1318.04
770.16	1311.38
770.49	1299.06
770.82	1317.71
771.15	1307.99
771.49	1310.59
771.82	1305.50
772.15	1333.52
772.48	1301.66
772.81	1315.67
773.15	1305.39
773.48	1302.00
773.81	1317.14
774.14	1306.29
774.47	1304.94
774.81	1305.28
775.14	1307.42
775.47	1319.29
775.80	1333.52
776.13	1300.76
776.46	1334.88
776.79	1317.93
777.13	1311.49
777.46	1312.51
777.79	1312.73
778.12	1303.13
778.45	1330.59
778.78	1307.99
779.11	1323.02
779.44	1311.72
779.78	1328.55
780.11	1308.67
780.44	1308.33
780.77	1327.31
781.10	1327.42
781.43	1298.04
781.76	1317.48
782.09	1305.84
782.42	1302.68
782.75	1325.50
783.08	1333.86
783.41	1313.30
783.74	1314.88
784.07	1311.72
784.40	1317.48
784.73	1323.69
785.06	1310.25
785.40	1304.37
785.73	1305.16
786.06	1307.54
786.39	1315.22
786.72	1304.49
787.05	1314.88
787.37	1319.40
787.70	1311.38
788.03	1317.82
788.36	1337.03
788.69	1329.00
789.02	1303.36
789.35	1321.89
789.68	1317.03
790.01	1322.45
790.34	1312.85
790.67	1297.25
791.00	1309.12
791.33	1314.09
791.66	1310.81
791.99	1307.42
792.32	1323.36
792.65	1311.38
792.97	1317.48
793.30	1320.08
793.63	1305.73
793.96	1322.23
794.29	1302.23
794.62	1299.85
794.95	1312.28
795.28	1311.60
795.60	1350.92
795.93	1316.46
796.26	1317.59
796.59	1312.62
796.92	1304.71
797.25	1315.78
797.57	1305.16
797.90	1309.34
798.23	1336.24
798.56	1296.80
798.89	1313.86
799.22	1307.76
799.54	1306.29
799.87	1308.21
800.20	1300.19
800.53	1295.45
800.85	1306.75
801.18	1314.88
801.51	1306.07
801.84	1312.73
802.16	1313.07
802.49	1302.90
802.82	1307.99
803.15	1317.25
803.47	1294.32
803.80	1310.02
804.13	1315.11
804.46	1353.75
804.78	1320.87
805.11	1301.89
805.44	1307.76
805.76	1307.76
806.09	1304.37
806.42	1288.44
806.74	1304.15
807.07	1310.14
807.40	1303.13
807.73	1311.04
808.05	1332.96
808.38	1315.33
808.70	1314.09
809.03	1314.88
809.36	1314.09
809.68	1325.95
810.01	1300.87
810.34	1315.90
810.66	1297.93
810.99	1310.36
811.31	1313.86
811.64	1310.81
811.97	1320.42
812.29	1313.07
812.62	1313.64
812.94	1309.34
813.27	1305.16
813.60	1318.95
813.92	1296.46
814.25	1301.89
814.57	1302.11
814.90	1317.82
815.22	1326.86
815.55	1303.36
815.87	1291.83
816.20	1320.64
816.53	1302.68
816.85	1333.41
817.18	1314.32
817.50	1318.04
817.83	1318.27
818.15	1309.23
818.48	1296.46
818.80	1299.51
819.13	1310.25
819.45	1306.07
819.78	1308.89
820.10	1298.04
820.42	1314.88
820.75	1306.86
821.07	1322.45
821.40	1304.82
821.72	1304.15
822.05	1322.79
822.37	1317.48
822.70	1304.94
823.02	1310.14
823.34	1313.41
823.67	1317.37
823.99	1297.14
824.32	1296.35
824.64	1316.01
824.96	1306.29
825.29	1301.10
825.61	1298.61
825.94	1313.98
826.26	1316.58
826.58	1309.23
826.91	1305.95
827.23	1324.37
827.55	1310.70
827.88	1320.98
828.20	1312.28
828.52	1311.15
828.85	1306.41
829.17	1324.26
829.49	1308.44
829.82	1300.53
830.14	1311.94
830.46	1287.76
830.79	1310.93
831.11	1308.44
831.43	1307.42
831.75	1317.14
832.08	1299.06
832.40	1300.64
832.72	1299.29
833.04	1322.00
833.37	1310.14
833.69	1325.73
834.01	1308.78
834.33	1497.36
834.66	1345.39
834.98	1319.40
835.30	1301.89
835.62	1290.14
835.95	1292.17
836.27	1306.07
836.59	1307.99
836.91	1298.04
837.23	1310.59
837.56	1306.97
837.88	1304.15
838.20	1294.88
838.52	1320.98
838.84	1305.62
839.16	1300.64
839.49	1304.03
839.81	1300.98
840.13	1295.67
840.45	1301.21
840.77	1290.14
841.09	1307.08
841.41	1322.56
841.73	1297.37
842.06	1318.50
842.38	1297.82
842.70	1311.15
843.02	1302.23
843.34	1302.34
843.66	1311.04
843.98	1322.45
844.30	1304.94
844.62	1309.01
844.94	1317.48
845.26	1292.62
845.58	1303.81
845.90	1309.57
846.23	1303.58
846.55	1313.52
846.87	1312.62
847.19	1310.36
847.51	1297.48
847.83	1294.20
848.15	1308.89
848.47	1323.36
848.79	1305.95
849.11	1311.72
849.43	1322.00
849.75	1299.97
850.07	1306.97
850.39	1315.33
850.71	1311.60
851.03	1305.05
851.34	1301.89
851.66	1303.81
851.98	1307.54
852.30	1322.00
852.62	1319.85
852.94	1316.12
853.26	1320.64
853.58	1299.29
853.90	1306.41
854.22	1304.03
854.54	1310.47
854.86	1296.58
855.18	1291.72
855.49	1318.84
855.81	1306.97
856.13	1313.98
856.45	1315.45
856.77	1304.71
857.09	1307.08
857.41	1298.61
857.73	1304.15
858.04	1297.93
858.36	1297.25
858.68	1335.90
859.00	1313.64
859.32	1309.46
859.63	1304.82
859.95	1297.71
860.27	1304.26
860.59	1315.45
860.91	1325.28
861.23	1301.43
861.54	1294.99
861.86	1300.53
862.18	1311.72
862.50	1308.78
862.81	1316.80
863.13	1316.35
863.45	1312.39
863.77	1301.77
864.08	1312.73
864.40	1302.90
864.72	1316.12
865.04	1312.06
865.35	1320.53
865.67	1310.70
865.99	1295.67
866.30	1299.17
866.62	1305.39
866.94	1295.11
867.26	1305.84
867.57	1309.34
867.89	1303.69
868.21	1304.49
868.52	1318.84
868.84	1310.02
869.16	1313.86
869.47	1314.77
869.79	1318.95
870.10	1280.31
870.42	1294.09
870.74	1307.08
871.05	1295.56
871.37	1314.54
871.69	1306.86
872.00	1308.44
872.32	1297.25
872.63	1306.86
872.95	1310.47
873.27	1297.25
873.58	1292.06
873.90	1320.19
874.21	1308.21
874.53	1308.10
874.84	1311.26
875.16	1307.76
875.48	1307.54
875.79	1307.54
876.11	1318.61
876.42	1307.20
876.74	1310.59
877.05	1304.60
877.37	1320.42
877.68	1300.19
878.00	1327.42
878.31	1321.55
878.63	1299.29
878.94	1308.44
879.26	1311.94
879.57	1306.86
879.89	1306.52
880.20	1300.76
880.52	1305.28
880.83	1298.61
881.14	1306.97
881.46	1306.63
881.77	1294.20
882.09	1313.98
882.40	1304.15
882.72	1305.16
883.03	1291.15
883.34	1314.09
883.66	1294.09
883.97	1303.47
884.29	1303.47
884.60	1310.93
884.91	1302.45
885.23	1314.32
885.54	1296.35
885.86	1308.89
886.17	1317.37
886.48	1310.81
886.80	1286.29
887.11	1295.79
887.42	1316.58
887.74	1293.64
888.05	1300.64
888.36	1301.66
888.68	1297.48
888.99	1295.11
889.30	1307.65
889.62	1319.74
889.93	1310.14
890.24	1310.70
890.55	1315.22
890.87	1310.59
891.18	1334.65
891.49	1302.23
891.80	1324.71
892.12	1304.15
892.43	1311.49
892.74	1308.55
893.05	1311.38
893.37	1307.76
893.68	1325.84
893.99	1297.71
894.30	1314.77
894.62	1340.42
894.93	1312.06
895.24	1297.37
895.55	1304.26
895.86	1310.70
896.18	1290.59
896.49	1310.59
896.80	1310.25
897.11	1311.72
897.42	1311.04
897.73	1314.09
898.05	1308.10
898.36	1314.32
898.67	1306.18
898.98	1303.24
899.29	1312.51
899.60	1313.52
899.91	1312.85
900.23	1325.39
900.54	1304.15
900.85	1291.49
901.16	1300.87
901.47	1328.78
901.78	1284.71
902.09	1291.15
902.40	1297.48
902.71	1302.23
903.02	1312.51
903.33	1311.94
903.64	1283.24
903.95	1290.25
904.27	1304.37
904.58	1312.73
904.89	1319.51
905.20	1306.41
905.51	1307.54
905.82	1327.54
906.13	1313.19
906.44	1304.37
906.75	1306.63
907.06	1300.64
907.37	1318.16
907.68	1288.89
907.99	1297.82
908.30	1302.23
908.61	1299.51
908.91	1309.23
909.22	1312.85
909.53	1287.65
909.84	1323.58
910.15	1290.36
910.46	1297.93
910.77	1299.74
911.08	1302.11
911.39	1302.11
911.70	1312.17
912.01	1302.45
912.32	1314.99
912.63	1300.98
912.93	1309.23
913.24	1293.75
913.55	1310.14
913.86	1303.24
914.17	1287.42
914.48	1294.88
914.79	1315.33
915.09	1301.77
915.40	1303.81
915.71	1299.51
916.02	1307.31
916.33	1297.03
916.64	1300.76
916.94	1325.95
917.25	1298.72
917.56	1320.98
917.87	1313.86
918.18	1294.99
918.48	1314.54
918.79	1304.15
919.10	1295.33
919.41	1286.18
919.72	1305.50
920.02	1307.88
920.33	1306.29
920.64	1310.70
920.95	1302.56
921.25	1302.56
921.56	1312.06
921.87	1287.31
922.17	1312.39
922.48	1300.42
922.79	1310.70
923.10	1311.04
923.40	1315.67
923.71	1306.07
924.02	1313.86
924.32	1299.74
924.63	1303.47
924.94	1311.26
925.24	1301.66
925.55	1287.76
925.86	1285.73
926.16	1304.37
926.47	1311.38
926.78	1297.82
927.08	1301.43
927.39	1317.25
927.69	1310.70
928.00	1297.37
928.31	1310.47
928.61	1300.87
928.92	1296.69
929.22	1295.67
929.53	1304.94
929.84	1293.75
930.14	1338.72
930.45	1316.58
930.75	1301.77
931.06	1304.26
931.36	1301.32
931.67	1295.67
931.97	1311.04
932.28	1301.21
932.58	1281.77
932.89	1296.35
933.20	1303.81
933.50	1307.99
933.81	1303.92
934.11	1297.93
934.42	1318.72
934.72	1290.70
935.03	1302.56
935.33	1300.30
935.63	1303.13
935.94	1305.16
936.24	1316.24
936.55	1312.28
936.85	1306.41
937.16	1304.71
937.46	1297.71
937.77	1304.37
938.07	1315.78
938.37	1311.15
938.68	1290.70
938.98	1309.01
939.29	1312.96
939.59	1309.68
939.89	1307.31
940.20	1311.26
940.50	1303.24
940.81	1289.91
941.11	1303.58
941.41	1310.36
941.72	1332.85
942.02	1310.59
942.32	1300.98
942.63	1288.67
942.93	1311.26
943.23	1297.93
943.54	1320.76
943.84	1288.78
944.14	1308.33
944.45	1327.31
944.75	1296.35
945.05	1308.55
945.35	1306.75
945.66	1299.17
945.96	1320.19
946.26	1302.68
946.57	1291.15
946.87	1308.33
947.17	1329.00
947.47	1308.55
947.78	1327.87
948.08	1319.51
948.38	1303.92
948.68	1307.31
948.98	1297.82
949.29	1295.33
949.59	1300.87
949.89	1300.19
950.19	1301.43
950.49	1323.92
950.80	1303.36
951.10	1306.29
951.40	1301.77
951.70	1305.73
952.00	1305.84
952.30	1287.76
952.61	1305.28
952.91	1299.97
953.21	1298.16
953.51	1306.86
953.81	1303.13
954.11	1311.38
954.41	1300.53
954.72	1294.43
955.02	1297.82
955.32	1313.19
955.62	1300.30
955.92	1294.20
956.22	1303.24
956.52	1315.11
956.82	1321.66
957.12	1314.09
957.42	1315.56
957.72	1329.46
958.02	1323.81
958.32	1320.98
958.62	1298.72
958.92	1288.33
959.22	1298.27
959.52	1299.85
959.82	1298.38
960.13	1303.36
960.43	1319.97
960.72	1310.36
961.02	1313.41
961.32	1301.55
961.62	1298.16
961.92	1295.33
962.22	1302.23
962.52	1306.63
962.82	1316.24
963.12	1308.89
963.42	1315.90
963.72	1301.89
964.02	1298.16
964.32	1296.12
964.62	1304.60
964.92	1296.92
965.22	1342.22
965.52	1307.65
965.82	1302.79
966.11	1294.32
966.41	1312.73
966.71	1318.84
967.01	1309.57
967.31	1295.45
967.61	1326.74
967.91	1303.13
968.20	1319.51
968.50	1296.58
968.80	1314.77
969.10	1318.27
969.40	1307.88
969.70	1309.91
969.99	1306.07
970.29	1299.51
970.59	1300.19
970.89	1293.19
971.19	1308.10
971.48	1296.12
971.78	1308.10
972.08	1310.47
972.38	1289.80
972.67	1351.94
972.97	1298.72
973.27	1302.90
973.57	1300.87
973.86	1302.11
974.16	1282.68
974.46	1295.11
974.76	1312.85
975.05	1312.06
975.35	1294.54
975.65	1304.94
975.94	1304.60
976.24	1310.59
976.54	1318.38
976.84	1302.90
977.13	1296.58
977.43	1308.33
977.73	1291.38
978.02	1303.92
978.32	1294.32
978.61	1300.64
978.91	1296.46
979.21	1299.85
979.50	1296.69
979.80	1307.42
980.10	1302.45
980.39	1301.55
980.69	1312.62
980.98	1305.95
981.28	1300.87
981.58	1314.54
981.87	1295.67
982.17	1300.19
982.46	1318.72
982.76	1320.53
983.05	1307.65
983.35	1309.46
983.65	1294.66
983.94	1308.67
984.24	1284.71
984.53	1309.46
984.83	1285.50
985.12	1303.13
985.42	1324.03
985.71	1314.88
986.01	1318.72
986.30	1307.08
986.60	1313.98
986.89	1314.09
987.19	1296.35
987.48	1288.10
987.78	1292.40
988.07	1308.55
988.36	1299.29
988.66	1307.20
988.95	1294.66
989.25	1317.14
989.54	1297.82
989.84	1303.02
990.13	1307.99
990.42	1297.25
990.72	1296.24
991.01	1288.67
991.31	1321.89
991.60	1299.29
991.89	1314.32
992.19	1308.44
992.48	1303.24
992.77	1301.43
993.07	1294.32
993.36	1293.86
993.66	1303.92
993.95	1309.68
994.24	1311.49
994.54	1307.54
994.83	1303.02
995.12	1293.41
995.41	1300.76
995.71	1304.94
996.00	1315.78
996.29	1296.24
996.59	1293.64
996.88	1307.31
997.17	1313.30
997.46	1298.95
997.76	1305.50
998.05	1292.73
998.34	1282.57
998.63	1306.07
998.93	1304.94
999.22	1296.24
999.51	1293.19
999.80	1304.37
1000.10	1317.37
1000.39	1298.95
1000.68	1311.15
1000.97	1321.89
1001.26	1307.99
1001.56	1300.30
1001.85	1296.12
1002.14	1293.53
1002.43	1282.57
1002.72	1306.29
1003.01	1294.54
1003.31	1311.04
1003.60	1286.63
1003.89	1314.77
1004.18	1290.25
1004.47	1293.19
1004.76	1305.50
1005.05	1308.33
1005.34	1306.63
1005.63	1306.29
1005.93	1307.99
1006.22	1308.67
1006.51	1301.43
1006.80	1277.71
1007.09	1293.19
1007.38	1353.18
1007.67	1307.20
1007.96	1295.67
1008.25	1325.73
1008.54	1296.46
1008.83	1283.02
1009.12	1346.18
1009.41	1320.19
1009.70	1305.84
1009.99	1305.50
1010.28	1308.89
1010.57	1299.51
1010.86	1291.83
1011.15	1311.83
1011.44	1317.48
1011.73	1304.71
1012.02	1312.06
1012.31	1300.19
1012.60	1325.84
1012.89	1298.95
1013.18	1330.81
1013.47	1297.14
1013.76	1302.34
1014.05	1319.06
1014.34	1319.40
1014.63	1301.21
1014.91	1324.15
1015.20	1311.72
1015.49	1297.82
1015.78	1303.36
1016.07	1296.12
1016.36	1313.98
1016.65	1292.73
1016.94	1295.67
1017.23	1299.74
1017.51	1310.36
1017.80	1293.86
1018.09	1300.53
1018.38	1307.20
1018.67	1303.02
1018.96	1303.47
1019.24	1297.82
1019.53	1300.30
1019.82	1317.14
1020.11	1306.75
1020.40	1303.13
1020.68	1317.59
1020.97	1310.59
1021.26	1311.49
1021.55	1298.38
1021.83	1306.18
1022.12	1407.08
1022.41	1303.02
1022.70	1294.43
1022.98	1317.59
1023.27	1310.36
1023.56	1323.02
1023.85	1319.74
1024.13	1314.88
1024.42	1309.01
1024.71	1292.06
1024.99	1296.80
1025.28	1300.42
1025.57	1299.63
1025.85	1310.93
1026.14	1293.86
1026.43	1309.68
1026.71	1286.07
1027.00	1285.39
1027.29	1320.42
1027.57	1302.79
1027.86	1306.97
1028.15	1291.27
1028.43	1305.84
1028.72	1295.90
1029.01	1303.81
1029.29	1312.85
1029.58	1293.98
1029.86	1309.57
1030.15	1305.16
1030.44	1304.71
1030.72	1295.33
1031.01	1287.88
1031.29	1308.10
1031.58	1306.18
1031.86	1318.84
1032.15	1305.84
1032.43	1309.91
1032.72	1302.34
1033.00	1297.71
1033.29	1308.10
1033.57	1302.79
1033.86	1296.80
