340.66	0
341.05	0
341.43	0
341.81	0
342.2	0
342.58	0
342.96	0
343.35	0
343.73	0
344.11	0
344.49	0
344.88	0
345.26	0
345.64	0
346.03	0
346.41	0
346.79	0
347.17	0
347.56	0
347.94	0
348.32	0
348.7	0
349.09	0
349.47	0
349.85	0
350.24	0
350.62	0
351	0
351.38	0
351.76	0
352.15	0
352.53	0
352.91	0
353.29	0
353.68	0
354.06	0
354.44	0
354.82	0
355.2	0
355.59	0
355.97	0
356.35	0
356.73	0
357.11	0
357.5	0
357.88	0
358.26	0
358.64	0
359.02	0
359.4	0
359.79	0
360.17	0
360.55	0
360.93	0
361.31	0
361.69	0
362.07	0
362.46	0
362.84	0
363.22	0
363.6	0
363.98	0
364.36	0
364.74	0
365.12	0
365.51	0
365.89	0
366.27	0
366.65	0
367.03	0
367.41	0
367.79	0
368.17	0
368.55	0
368.93	0
369.31	0
369.69	0
370.08	0
370.46	0
370.84	0
371.22	0
371.6	0
371.98	0
372.36	0
372.74	0
373.12	0
373.5	0
373.88	0
374.26	0
374.64	0
375.02	0
375.4	0
375.78	0
376.16	0
376.54	0
376.92	0
377.3	0
377.68	0
378.06	0
378.44	0
378.82	0
379.2	0
379.58	0
379.96	0
380.34	0
380.72	0
381.1	0
381.48	0
381.86	0
382.24	0
382.62	0
383	0
383.37	0
383.75	0
384.13	0
384.51	0
384.89	0
385.27	0
385.65	0
386.03	0
386.41	0
386.79	0
387.17	0
387.55	0
387.92	0
388.3	0
388.68	0
389.06	0
389.44	0
389.82	0
390.2	0
390.58	0
390.95	0
391.33	0
391.71	0
392.09	0
392.47	0
392.85	0
393.23	0
393.6	0
393.98	0
394.36	0
394.74	0
395.12	0
395.49	0
395.87	0
396.25	0
396.63	0
397.01	0
397.39	0
397.76	0
398.14	0
398.52	0
398.9	0
399.27	0
399.65	0
400.03	0
400.41	0
400.79	0
401.16	0
401.54	0
401.92	0
402.3	0
402.67	0
403.05	0
403.43	0
403.81	0
404.18	0
404.56	0
404.94	0
405.31	0
405.69	0
406.07	0
406.45	0
406.82	0
407.2	0
407.58	0
407.95	0
408.33	0
408.71	0
409.09	0
409.46	0
409.84	0
410.22	0
410.59	0
410.97	0
411.35	0
411.72	0
412.1	0
412.48	0
412.85	0
413.23	0
413.6	0
413.98	0
414.36	0
414.73	0
415.11	0
415.49	0
415.86	0
416.24	0
416.61	0
416.99	0
417.37	0
417.74	0
418.12	0
418.49	0
418.87	0
419.25	0
419.62	0
420	0
420.37	0
420.75	0
421.12	0
421.5	0
421.88	0
422.25	0
422.63	0
423	0
423.38	0
423.75	0
424.13	0
424.5	0
424.88	0
425.25	0
425.63	0
426.01	0
426.38	0
426.76	0
427.13	0
427.51	0
427.88	0
428.26	0
428.63	0
429	0
429.38	0
429.75	0
430.13	0
430.5	0
430.88	0
431.25	0
431.63	0
432	0
432.38	0
432.75	0
433.13	0
433.5	0
433.87	0
434.25	0
434.62	0
435	0
435.37	0
435.75	0
436.12	0
436.49	0
436.87	0
437.24	0
437.62	0
437.99	0
438.36	0
438.74	0
439.11	0
439.49	0
439.86	0
440.23	0
440.61	0
440.98	0
441.35	0
441.73	0
442.1	0
442.47	0
442.85	0
443.22	0
443.6	0
443.97	0
444.34	0
444.71	0
445.09	0
445.46	0
445.83	0
446.21	0
446.58	0
446.95	0
447.33	0
447.7	0
448.07	0
448.45	0
448.82	0
449.19	0
449.56	0
449.94	0
450.31	0
450.68	0
451.05	0
451.43	0
451.8	0
452.17	0
452.54	0
452.92	0
453.29	0
453.66	0
454.03	0
454.41	0
454.78	0
455.15	0
455.52	0
455.89	0
456.27	0
456.64	0
457.01	0
457.38	0
457.75	0
458.13	0
458.5	0
458.87	0
459.24	0
459.61	0
459.99	0
460.36	0
460.73	0
461.1	0
461.47	0
461.84	0
462.21	0
462.59	0
462.96	0
463.33	0
463.7	0
464.07	0
464.44	0
464.81	0
465.18	0
465.56	0
465.93	0
466.3	0
466.67	0
467.04	0
467.41	0
467.78	0
468.15	0
468.52	0
468.89	0
469.26	0
469.64	0
470.01	0
470.38	0
470.75	0
471.12	0
471.49	0
471.86	0
472.23	0
472.6	0
472.97	0
473.34	0
473.71	0
474.08	0
474.45	0
474.82	0
475.19	0
475.56	0
475.93	0
476.3	0
476.67	0
477.04	0
477.41	0
477.78	0
478.15	0
478.52	0
478.89	0
479.26	0
479.63	0
480	0
480.37	0
480.74	0
481.11	0
481.48	0
481.84	0
482.21	0
482.58	0
482.95	0
483.32	0
483.69	0
484.06	0
484.43	0
484.8	0
485.17	0
485.54	0
485.9	0
486.27	0
486.64	0
487.01	0
487.38	0
487.75	0
488.12	0
488.49	0
488.85	0
489.22	0
489.59	0
489.96	0
490.33	0
490.7	0
491.07	0
491.43	0
491.8	0
492.17	0
492.54	0
492.91	0
493.27	0
493.64	0
494.01	0
494.38	0
494.75	0
495.11	0
495.48	0
495.85	0
496.22	0
496.59	0
496.95	0
497.32	0
497.69	0
498.06	0
498.42	0
498.79	0
499.16	0
499.53	0
499.89	0
500.26	1061.66
500.63	1060.07
501	1111.82
501.36	1129.45
501.73	1188.43
502.1	1147.3
502.46	1157.47
502.83	1150.24
503.2	1170.13
503.57	1206.29
503.93	1253.29
504.3	1268.88
504.67	1263.46
505.03	1340.52
505.4	1506.62
505.77	2023.67
506.13	3188.38
506.5	5227.65
506.87	7854.7
507.23	10942.53
507.6	14057.25
507.97	16103.07
508.33	18091.27
508.7	19768.74
509.07	20067.26
509.43	21447.11
509.8	22007.09
510.16	23325.03
510.53	24861.26
510.9	25527
511.26	26765.84
511.63	27829.54
511.99	28440.6
512.36	29861.8
512.73	31197.36
513.09	32167.05
513.46	33856.95
513.82	36021.19
514.19	36155.65
514.56	37725.33
514.92	38281.92
515.29	39277.38
515.65	41857.87
516.02	43411.05
516.38	43806.07
516.75	45042.65
517.11	46578.65
517.48	47721.45
517.85	49298.58
518.21	51442.48
518.58	51685.41
518.94	52309.35
519.31	53642.65
519.67	54113.82
520.04	54747.7
520.4	55700.45
520.77	56338.17
521.13	56924.59
521.5	57306.28
521.86	57533.39
522.23	58041.63
522.59	58427.61
522.96	58139.48
523.32	58033.04
523.69	58652.46
524.05	58621.05
524.42	58495.4
524.78	58714.38
525.15	59023.07
525.51	58592.12
525.87	58931.77
526.24	57958.92
526.6	57719.15
526.97	58203.66
527.33	57884.12
527.7	57431.7
528.06	57183.8
528.42	57024.25
528.79	56780.19
529.15	55904.51
529.52	54519.69
529.88	54543.64
530.24	53483.33
530.61	52269.8
530.97	51042.94
531.34	50162.29
531.7	49414.06
532.06	48224.26
532.43	47397.84
532.79	46204.2
533.16	44768.98
533.52	43911.6
533.88	41692.68
534.25	41483.42
534.61	40357.35
534.97	39618.61
535.34	38168.93
535.7	38041.02
536.06	36717.67
536.43	35297.14
536.79	34567.89
537.15	33912.54
537.52	32954.83
537.88	32092.71
538.24	31376.11
538.6	30798.28
538.97	29692.32
539.33	29173.46
539.69	27925.58
540.06	27545.25
540.42	26916.34
540.78	25860.55
541.15	25549.6
541.51	24907.81
541.87	23919.13
542.23	23243.67
542.6	22813.63
542.96	22768.88
543.32	22314.43
543.68	21650.72
544.05	21437.17
544.41	20677.41
544.77	20448.04
545.13	19900.71
545.49	19622.98
545.86	18703.23
546.22	18322.67
546.58	17766.08
546.94	17586.87
547.31	17148.24
547.67	16512.32
548.03	16291.54
548.39	15500.15
548.75	15270.77
549.11	14939.03
549.48	14642.09
549.84	14417.24
550.2	14096.57
550.56	13851.15
550.92	13650.7
551.28	13215.24
551.65	12777.28
552.01	12502.71
552.37	12241.93
552.73	12177.52
553.09	11599.68
553.45	11280.15
553.81	11043.77
554.18	10968.29
554.54	10524.23
554.9	10254.64
555.26	9919.5
555.62	9826.17
555.98	9882.89
556.34	9685.84
556.7	9323.36
557.06	9363.36
557.42	9003.59
557.79	8811.28
558.15	8681.34
558.51	8338.3
558.87	8159.1
559.23	8260.79
559.59	8149.61
559.95	7924.53
560.31	7817.86
560.67	7664.87
561.03	7433.24
561.39	7223.08
561.75	7120.71
562.11	6904.67
562.47	6745.12
562.83	6716.88
563.19	6518.24
563.55	6195.08
563.91	6164.57
564.27	5987.85
564.63	5929.1
564.99	5596
565.35	4931.61
565.71	4091.63
566.07	3321.26
566.43	2515.18
566.79	1741.64
567.15	1154.54
567.51	764.04
567.87	555.23
568.23	413.54
568.59	394.78
568.95	323.82
569.31	298.29
569.67	292.19
570.03	301.68
570.39	292.19
570.75	295.12
571.11	267.55
571.46	279.76
571.82	272.98
572.18	256.71
572.54	274.11
572.9	263.03
573.26	242.7
573.62	258.51
573.98	262.13
574.34	243.37
574.7	243.15
575.05	257.38
575.41	313.2
575.77	242.02
576.13	249.25
576.49	239.53
576.85	219.87
577.21	265.52
577.56	260.32
577.92	285.86
578.28	246.31
578.64	235.69
579	251.06
579.36	247.21
579.71	223.49
580.07	0
580.43	0
580.79	0
581.15	0
581.5	0
581.86	0
582.22	0
582.58	0
582.94	0
583.29	0
583.65	0
584.01	0
584.37	0
584.72	0
585.08	0
585.44	0
585.8	0
586.15	0
586.51	0
586.87	0
587.23	0
587.58	0
587.94	0
588.3	0
588.65	0
589.01	0
589.37	0
589.73	0
590.08	0
590.44	0
590.8	0
591.15	0
591.51	0
591.87	0
592.22	0
592.58	0
592.94	0
593.29	0
593.65	0
594.01	0
594.36	0
594.72	0
595.08	0
595.43	0
595.79	0
596.14	0
596.5	0
596.86	0
597.21	0
597.57	0
597.92	0
598.28	0
598.64	0
598.99	0
599.35	0
599.7	0
600.06	0
600.42	0
600.77	0
601.13	0
601.48	0
601.84	0
602.19	0
602.55	0
602.9	0
603.26	0
603.61	0
603.97	0
604.32	0
604.68	0
605.03	0
605.39	0
605.74	0
606.1	0
606.45	0
606.81	0
607.16	0
607.52	0
607.87	0
608.23	0
608.58	0
608.94	0
609.29	0
609.65	0
610	0
610.36	0
610.71	0
611.06	0
611.42	0
611.77	0
612.13	0
612.48	0
612.84	0
613.19	0
613.54	0
613.9	0
614.25	0
614.61	0
614.96	0
615.31	0
615.67	0
616.02	0
616.37	0
616.73	0
617.08	0
617.44	0
617.79	0
618.14	0
618.5	0
618.85	0
619.2	0
619.56	0
619.91	0
620.26	0
620.62	0
620.97	0
621.32	0
621.67	0
622.03	0
622.38	0
622.73	0
623.09	0
623.44	0
623.79	0
624.14	0
624.5	0
624.85	0
625.2	0
625.55	0
625.91	0
626.26	0
626.61	0
626.96	0
627.32	0
627.67	0
628.02	0
628.37	0
628.73	0
629.08	0
629.43	0
629.78	0
630.13	0
630.49	0
630.84	0
631.19	0
631.54	0
631.89	0
632.24	0
632.6	0
632.95	0
633.3	0
633.65	0
634	0
634.35	0
634.7	0
635.06	0
635.41	0
635.76	0
636.11	0
636.46	0
636.81	0
637.16	0
637.51	0
637.86	0
638.22	0
638.57	0
638.92	0
639.27	0
639.62	0
639.97	0
640.32	0
640.67	0
641.02	0
641.37	0
641.72	0
642.07	0
642.42	0
642.77	0
643.12	0
643.47	0
643.82	0
644.17	0
644.52	0
644.87	0
645.22	0
645.57	0
645.92	0
646.27	0
646.62	0
646.97	0
647.32	0
647.67	0
648.02	0
648.37	0
648.72	0
649.07	0
649.42	0
649.77	0
650.12	0
650.47	0
650.82	0
651.17	0
651.52	0
651.86	0
652.21	0
652.56	0
652.91	0
653.26	0
653.61	0
653.96	0
654.31	0
654.66	0
655	0
655.35	0
655.7	0
656.05	0
656.4	0
656.75	0
657.1	0
657.44	0
657.79	0
658.14	0
658.49	0
658.84	0
659.19	0
659.53	0
659.88	0
660.23	0
660.58	0
660.93	0
661.27	0
661.62	0
661.97	0
662.32	0
662.66	0
663.01	0
663.36	0
663.71	0
664.05	0
664.4	0
664.75	0
665.1	0
665.44	0
665.79	0
666.14	0
666.49	0
666.83	0
667.18	0
667.53	0
667.87	0
668.22	0
668.57	0
668.92	0
669.26	0
669.61	0
669.96	0
670.3	0
670.65	0
671	0
671.34	0
671.69	0
672.03	0
672.38	0
672.73	0
673.07	0
673.42	0
673.77	0
674.11	0
674.46	0
674.8	0
675.15	0
675.5	0
675.84	0
676.19	0
676.53	0
676.88	0
677.23	0
677.57	0
677.92	0
678.26	0
678.61	0
678.95	0
679.3	0
679.64	0
679.99	0
680.34	0
680.68	0
681.03	0
681.37	0
681.72	0
682.06	0
682.41	0
682.75	0
683.1	0
683.44	0
683.79	0
684.13	0
684.48	0
684.82	0
685.17	0
685.51	0
685.85	0
686.2	0
686.54	0
686.89	0
687.23	0
687.58	0
687.92	0
688.26	0
688.61	0
688.95	0
689.3	0
689.64	0
689.99	0
690.33	0
690.67	0
691.02	0
691.36	0
691.7	0
692.05	0
692.39	0
692.74	0
693.08	0
693.42	0
693.77	0
694.11	0
694.45	0
694.8	0
695.14	0
695.48	0
695.83	0
696.17	0
696.51	0
696.86	0
697.2	0
697.54	0
697.88	0
698.23	0
698.57	0
698.91	0
699.26	0
699.6	0
699.94	0
700.28	0
700.63	0
700.97	0
701.31	0
701.65	0
702	0
702.34	0
702.68	0
703.02	0
703.36	0
703.71	0
704.05	0
704.39	0
704.73	0
705.07	0
705.42	0
705.76	0
706.1	0
706.44	0
706.78	0
707.13	0
707.47	0
707.81	0
708.15	0
708.49	0
708.83	0
709.17	0
709.52	0
709.86	0
710.2	0
710.54	0
710.88	0
711.22	0
711.56	0
711.9	0
712.24	0
712.59	0
712.93	0
713.27	0
713.61	0
713.95	0
714.29	0
714.63	0
714.97	0
715.31	0
715.65	0
715.99	0
716.33	0
716.67	0
717.01	0
717.35	0
717.69	0
718.03	0
718.37	0
718.71	0
719.05	0
719.39	0
719.73	0
720.07	0
720.41	0
720.75	0
721.09	0
721.43	0
721.77	0
722.11	0
722.45	0
722.79	0
723.13	0
723.47	0
723.81	0
724.15	0
724.48	0
724.82	0
725.16	0
725.5	0
725.84	0
726.18	0
726.52	0
726.86	0
727.2	0
727.54	0
727.87	0
728.21	0
728.55	0
728.89	0
729.23	0
729.57	0
729.91	0
730.24	0
730.58	0
730.92	0
731.26	0
731.6	0
731.93	0
732.27	0
732.61	0
732.95	0
733.29	0
733.62	0
733.96	0
734.3	0
734.64	0
734.98	0
735.31	0
735.65	0
735.99	0
736.33	0
736.66	0
737	0
737.34	0
737.67	0
738.01	0
738.35	0
738.69	0
739.02	0
739.36	0
739.7	0
740.03	0
740.37	0
740.71	0
741.04	0
741.38	0
741.72	0
742.06	0
742.39	0
742.73	0
743.06	0
743.4	0
743.74	0
744.07	0
744.41	0
744.75	0
745.08	0
745.42	0
745.75	0
746.09	0
746.43	0
746.76	0
747.1	0
747.43	0
747.77	0
748.11	0
748.44	0
748.78	0
749.11	0
749.45	0
749.78	0
750.12	0
750.46	0
750.79	0
751.13	0
751.46	0
751.8	0
752.13	0
752.47	0
752.8	0
753.14	0
753.47	0
753.81	0
754.14	0
754.48	0
754.81	0
755.15	0
755.48	0
755.81	0
756.15	0
756.48	0
756.82	0
757.15	0
757.49	0
757.82	0
758.16	0
758.49	0
758.82	0
759.16	0
759.49	0
759.83	0
760.16	0
760.49	0
760.83	0
761.16	0
761.5	0
761.83	0
762.16	0
762.5	0
762.83	0
763.16	0
763.5	0
763.83	0
764.16	0
764.5	0
764.83	0
765.16	0
765.5	0
765.83	0
766.16	0
766.5	0
766.83	0
767.16	0
767.49	0
767.83	0
768.16	0
768.49	0
768.83	0
769.16	0
769.49	0
769.82	0
770.16	0
770.49	0
770.82	0
771.15	0
771.49	0
771.82	0
772.15	0
772.48	0
772.81	0
773.15	0
773.48	0
773.81	0
774.14	0
774.47	0
774.81	0
775.14	0
775.47	0
775.8	0
776.13	0
776.46	0
776.79	0
777.13	0
777.46	0
777.79	0
778.12	0
778.45	0
778.78	0
779.11	0
779.44	0
779.78	0
780.11	0
780.44	0
780.77	0
781.1	0
781.43	0
781.76	0
782.09	0
782.42	0
782.75	0
783.08	0
783.41	0
783.74	0
784.07	0
784.4	0
784.73	0
785.06	0
785.4	0
785.73	0
786.06	0
786.39	0
786.72	0
787.05	0
787.37	0
787.7	0
788.03	0
788.36	0
788.69	0
789.02	0
789.35	0
789.68	0
790.01	0
790.34	0
790.67	0
791	0
791.33	0
791.66	0
791.99	0
792.32	0
792.65	0
792.97	0
793.3	0
793.63	0
793.96	0
794.29	0
794.62	0
794.95	0
795.28	0
795.6	0
795.93	0
796.26	0
796.59	0
796.92	0
797.25	0
797.57	0
797.9	0
798.23	0
798.56	0
798.89	0
799.22	0
799.54	0
799.87	0
800.2	0
800.53	0
800.85	0
801.18	0
801.51	0
801.84	0
802.16	0
802.49	0
802.82	0
803.15	0
803.47	0
803.8	0
804.13	0
804.46	0
804.78	0
805.11	0
805.44	0
805.76	0
806.09	0
806.42	0
806.74	0
807.07	0
807.4	0
807.73	0
808.05	0
808.38	0
808.7	0
809.03	0
809.36	0
809.68	0
810.01	0
810.34	0
810.66	0
810.99	0
811.31	0
811.64	0
811.97	0
812.29	0
812.62	0
812.94	0
813.27	0
813.6	0
813.92	0
814.25	0
814.57	0
814.9	0
815.22	0
815.55	0
815.87	0
816.2	0
816.53	0
816.85	0
817.18	0
817.5	0
817.83	0
818.15	0
818.48	0
818.8	0
819.13	0
819.45	0
819.78	0
820.1	0
820.42	0
820.75	0
821.07	0
821.4	0
821.72	0
822.05	0
822.37	0
822.7	0
823.02	0
823.34	0
823.67	0
823.99	0
824.32	0
824.64	0
824.96	0
825.29	0
825.61	0
825.94	0
826.26	0
826.58	0
826.91	0
827.23	0
827.55	0
827.88	0
828.2	0
828.52	0
828.85	0
829.17	0
829.49	0
829.82	0
830.14	0
830.46	0
830.79	0
831.11	0
831.43	0
831.75	0
832.08	0
832.4	0
832.72	0
833.04	0
833.37	0
833.69	0
834.01	0
834.33	0
834.66	0
834.98	0
835.3	0
835.62	0
835.95	0
836.27	0
836.59	0
836.91	0
837.23	0
837.56	0
837.88	0
838.2	0
838.52	0
838.84	0
839.16	0
839.49	0
839.81	0
840.13	0
840.45	0
840.77	0
841.09	0
841.41	0
841.73	0
842.06	0
842.38	0
842.7	0
843.02	0
843.34	0
843.66	0
843.98	0
844.3	0
844.62	0
844.94	0
845.26	0
845.58	0
845.9	0
846.23	0
846.55	0
846.87	0
847.19	0
847.51	0
847.83	0
848.15	0
848.47	0
848.79	0
849.11	0
849.43	0
849.75	0
850.07	0
850.39	0
850.71	0
851.03	0
851.34	0
851.66	0
851.98	0
852.3	0
852.62	0
852.94	0
853.26	0
853.58	0
853.9	0
854.22	0
854.54	0
854.86	0
855.18	0
855.49	0
855.81	0
856.13	0
856.45	0
856.77	0
857.09	0
857.41	0
857.73	0
858.04	0
858.36	0
858.68	0
859	0
859.32	0
859.63	0
859.95	0
860.27	0
860.59	0
860.91	0
861.23	0
861.54	0
861.86	0
862.18	0
862.5	0
862.81	0
863.13	0
863.45	0
863.77	0
864.08	0
864.4	0
864.72	0
865.04	0
865.35	0
865.67	0
865.99	0
866.3	0
866.62	0
866.94	0
867.26	0
867.57	0
867.89	0
868.21	0
868.52	0
868.84	0
869.16	0
869.47	0
869.79	0
870.1	0
870.42	0
870.74	0
871.05	0
871.37	0
871.69	0
872	0
872.32	0
872.63	0
872.95	0
873.27	0
873.58	0
873.9	0
874.21	0
874.53	0
874.84	0
875.16	0
875.48	0
875.79	0
876.11	0
876.42	0
876.74	0
877.05	0
877.37	0
877.68	0
878	0
878.31	0
878.63	0
878.94	0
879.26	0
879.57	0
879.89	0
880.2	0
880.52	0
880.83	0
881.14	0
881.46	0
881.77	0
882.09	0
882.4	0
882.72	0
883.03	0
883.34	0
883.66	0
883.97	0
884.29	0
884.6	0
884.91	0
885.23	0
885.54	0
885.86	0
886.17	0
886.48	0
886.8	0
887.11	0
887.42	0
887.74	0
888.05	0
888.36	0
888.68	0
888.99	0
889.3	0
889.62	0
889.93	0
890.24	0
890.55	0
890.87	0
891.18	0
891.49	0
891.8	0
892.12	0
892.43	0
892.74	0
893.05	0
893.37	0
893.68	0
893.99	0
894.3	0
894.62	0
894.93	0
895.24	0
895.55	0
895.86	0
896.18	0
896.49	0
896.8	0
897.11	0
897.42	0
897.73	0
898.05	0
898.36	0
898.67	0
898.98	0
899.29	0
899.6	0
899.91	0
900.23	0
900.54	0
900.85	0
901.16	0
901.47	0
901.78	0
902.09	0
902.4	0
902.71	0
903.02	0
903.33	0
903.64	0
903.95	0
904.27	0
904.58	0
904.89	0
905.2	0
905.51	0
905.82	0
906.13	0
906.44	0
906.75	0
907.06	0
907.37	0
907.68	0
907.99	0
908.3	0
908.61	0
908.91	0
909.22	0
909.53	0
909.84	0
910.15	0
910.46	0
910.77	0
911.08	0
911.39	0
911.7	0
912.01	0
912.32	0
912.63	0
912.93	0
913.24	0
913.55	0
913.86	0
914.17	0
914.48	0
914.79	0
915.09	0
915.4	0
915.71	0
916.02	0
916.33	0
916.64	0
916.94	0
917.25	0
917.56	0
917.87	0
918.18	0
918.48	0
918.79	0
919.1	0
919.41	0
919.72	0
920.02	0
920.33	0
920.64	0
920.95	0
921.25	0
921.56	0
921.87	0
922.17	0
922.48	0
922.79	0
923.1	0
923.4	0
923.71	0
924.02	0
924.32	0
924.63	0
924.94	0
925.24	0
925.55	0
925.86	0
926.16	0
926.47	0
926.78	0
927.08	0
927.39	0
927.69	0
928	0
928.31	0
928.61	0
928.92	0
929.22	0
929.53	0
929.84	0
930.14	0
930.45	0
930.75	0
931.06	0
931.36	0
931.67	0
931.97	0
932.28	0
932.58	0
932.89	0
933.2	0
933.5	0
933.81	0
934.11	0
934.42	0
934.72	0
935.03	0
935.33	0
935.63	0
935.94	0
936.24	0
936.55	0
936.85	0
937.16	0
937.46	0
937.77	0
938.07	0
938.37	0
938.68	0
938.98	0
939.29	0
939.59	0
939.89	0
940.2	0
940.5	0
940.81	0
941.11	0
941.41	0
941.72	0
942.02	0
942.32	0
942.63	0
942.93	0
943.23	0
943.54	0
943.84	0
944.14	0
944.45	0
944.75	0
945.05	0
945.35	0
945.66	0
945.96	0
946.26	0
946.57	0
946.87	0
947.17	0
947.47	0
947.78	0
948.08	0
948.38	0
948.68	0
948.98	0
949.29	0
949.59	0
949.89	0
950.19	0
950.49	0
950.8	0
951.1	0
951.4	0
951.7	0
952	0
952.3	0
952.61	0
952.91	0
953.21	0
953.51	0
953.81	0
954.11	0
954.41	0
954.72	0
955.02	0
955.32	0
955.62	0
955.92	0
956.22	0
956.52	0
956.82	0
957.12	0
957.42	0
957.72	0
958.02	0
958.32	0
958.62	0
958.92	0
959.22	0
959.52	0
959.82	0
960.13	0
960.43	0
960.72	0
961.02	0
961.32	0
961.62	0
961.92	0
962.22	0
962.52	0
962.82	0
963.12	0
963.42	0
963.72	0
964.02	0
964.32	0
964.62	0
964.92	0
965.22	0
965.52	0
965.82	0
966.11	0
966.41	0
966.71	0
967.01	0
967.31	0
967.61	0
967.91	0
968.2	0
968.5	0
968.8	0
969.1	0
969.4	0
969.7	0
969.99	0
970.29	0
970.59	0
970.89	0
971.19	0
971.48	0
971.78	0
972.08	0
972.38	0
972.67	0
972.97	0
973.27	0
973.57	0
973.86	0
974.16	0
974.46	0
974.76	0
975.05	0
975.35	0
975.65	0
975.94	0
976.24	0
976.54	0
976.84	0
977.13	0
977.43	0
977.73	0
978.02	0
978.32	0
978.61	0
978.91	0
979.21	0
979.5	0
979.8	0
980.1	0
980.39	0
980.69	0
980.98	0
981.28	0
981.58	0
981.87	0
982.17	0
982.46	0
982.76	0
983.05	0
983.35	0
983.65	0
983.94	0
984.24	0
984.53	0
984.83	0
985.12	0
985.42	0
985.71	0
986.01	0
986.3	0
986.6	0
986.89	0
987.19	0
987.48	0
987.78	0
988.07	0
988.36	0
988.66	0
988.95	0
989.25	0
989.54	0
989.84	0
990.13	0
990.42	0
990.72	0
991.01	0
991.31	0
991.6	0
991.89	0
992.19	0
992.48	0
992.77	0
993.07	0
993.36	0
993.66	0
993.95	0
994.24	0
994.54	0
994.83	0
995.12	0
995.41	0
995.71	0
996	0
996.29	0
996.59	0
996.88	0
997.17	0
997.46	0
997.76	0
998.05	0
998.34	0
998.63	0
998.93	0
999.22	0
999.51	0
999.8	0
1000.1	0
1000.39	0
1000.68	0
1000.97	0
1001.26	0
1001.56	0
1001.85	0
1002.14	0
1002.43	0
1002.72	0
1003.01	0
1003.31	0
1003.6	0
1003.89	0
1004.18	0
1004.47	0
1004.76	0
1005.05	0
1005.34	0
1005.63	0
1005.93	0
1006.22	0
1006.51	0
1006.8	0
1007.09	0
1007.38	0
1007.67	0
1007.96	0
1008.25	0
1008.54	0
1008.83	0
1009.12	0
1009.41	0
1009.7	0
1009.99	0
1010.28	0
1010.57	0
1010.86	0
1011.15	0
1011.44	0
1011.73	0
1012.02	0
1012.31	0
1012.6	0
1012.89	0
1013.18	0
1013.47	0
1013.76	0
1014.05	0
1014.34	0
1014.63	0
1014.91	0
1015.2	0
1015.49	0
1015.78	0
1016.07	0
1016.36	0
1016.65	0
1016.94	0
1017.23	0
1017.51	0
1017.8	0
1018.09	0
1018.38	0
1018.67	0
1018.96	0
1019.24	0
1019.53	0
1019.82	0
1020.11	0
1020.4	0
1020.68	0
1020.97	0
1021.26	0
1021.55	0
1021.83	0
1022.12	0
1022.41	0
1022.7	0
1022.98	0
1023.27	0
1023.56	0
1023.85	0
1024.13	0
1024.42	0
1024.71	0
1024.99	0
1025.28	0
1025.57	0
1025.85	0
1026.14	0
1026.43	0
1026.71	0
1027	0
1027.29	0
1027.57	0
1027.86	0
1028.15	0
1028.43	0
1028.72	0
1029.01	0
1029.29	0
1029.58	0
1029.86	0
1030.15	0
1030.44	0
1030.72	0
1031.01	0
1031.29	0
1031.58	0
1031.86	0
1032.15	0
1032.43	0
1032.72	0
1033	0
1033.29	0
1033.57	0
1033.86	0
